20369	-34.642	23.523	1.6497	670.35	-7.8595	0.17807	933.63	4.6019	-16.85	-14.026
22325	-16.241	-7.299	1.7172	670.43	-1.9655	0.17565	944.13	4.7541	-10.833	-12.789
24376	-35.997	24.71	1.6513	684.4	-8.0219	0.172	935.92	4.6389	-17.168	-14.409
26322	-13.803	-6.6883	1.7615	673.14	-1.7786	0.17318	948.78	4.8169	-10.401	-12.544
28351	-28.251	16.76	1.6854	661.92	-5.2246	0.17262	938.49	4.6779	-14.468	-13.422
30331	-19.305	-0.4363	1.7398	670.18	-2.8216	0.17268	943.83	4.7545	-12.026	-13.347
32393	-37.969	26.545	1.672	676.23	-8.8809	0.17223	936.77	4.654	-18.12	-15.349
36338	-23.424	10.356	1.6883	669.72	-3.8752	0.1764	936.88	4.6473	-13.153	-13.033
38337	-23.788	11.082	1.6969	670.27	-4.0165	0.17142	939.73	4.6946	-13.313	-13.095
40336	-24.344	11.994	1.6951	678	-4.1209	0.17173	940.36	4.7091	-13.398	-13.646
42335	-23.299	9.4227	1.695	673.55	-3.8239	0.17811	934.43	4.6075	-13.295	-12.896
44335	-21.72	5.1687	1.6924	670.55	-3.222	0.17203	940.54	4.7104	-12.564	-12.939
46347	-28.178	15.793	1.6891	667.88	-4.8857	0.17188	938.51	4.6785	-14.101	-13.142
48331	-20.906	5.2415	1.7279	660.5	-3.2515	0.17496	942.08	4.7214	-12.244	-13.06
50344	-25.135	12.465	1.6904	675.97	-4.2516	0.17499	938.84	4.6737	-13.663	-13.283
52342	-23.348	9.254	1.7112	668.8	-3.7954	0.17346	940.04	4.7013	-13.114	-13.31
54342	-25.245	12.708	1.6794	670.39	-4.3187	0.17332	938.7	4.6883	-13.515	-13.53
56337	-24.502	11.64	1.7093	677.92	-4.0431	0.17865	937.92	4.6442	-13.398	-13.151
58342	-26.309	14.127	1.729	677.7	-4.7873	0.17292	939.78	4.7056	-13.81	-13.459
60329	-18.941	-2.7664	1.6893	670.4	-2.5794	0.17526	940.44	4.6903	-11.858	-12.911
62357	-32.986	21.346	1.6917	673.1	-6.8274	0.17323	936.74	4.6542	-15.818	-14.036
64329	-12.533	-10.826	1.7524	665.82	-1.4562	0.17578	943.27	4.7398	-10.322	-12.51
70374	-33.45	22.426	1.6821	671.03	-7.1048	0.17191	938.97	4.6794	-16.241	-13.934
72324	-12.623	-9.9871	1.7888	677.19	-1.4921	0.17455	946.33	4.7698	-10.339	-12.493
74364	-33.818	22.54	1.6333	674.37	-7.2723	0.17122	936.28	4.664	-16.33	-13.851
76322	-13.694	-9.2185	1.7936	681.23	-1.6016	0.17507	946.52	4.7868	-10.405	-12.671
78371	-33.191	22.294	1.6701	664.88	-7.2213	0.17298	935.04	4.6343	-16.409	-14.074
80323	-13.447	-10.716	1.7726	667.77	-1.7021	0.17576	946.15	4.7658	-10.366	-12.753
82373	-35.428	23.594	1.6643	677.36	-7.7397	0.17629	932.75	4.6039	-16.82	-14.329
84327	-12.632	-9.3054	1.7674	670.38	-1.5995	0.1767	944.82	4.7383	-10.222	-12.389
86358	-30.875	19.618	1.6663	667.32	-6.1191	0.1716	937.32	4.6786	-15.257	-13.632
88329	-19.575	1.6877	1.7413	677.92	-2.8678	0.1734	943.91	4.764	-11.826	-13.207
90345	-24.232	12.231	1.6982	676.94	-4.2129	0.17779	934.05	4.6126	-13.592	-13.341
92345	-27.697	16.605	1.689	669.97	-5.1774	0.17218	939.56	4.6781	-14.271	-13.364
94325	-18.896	-1.7654	1.7693	670.09	-2.4385	0.17232	944.66	4.7478	-11.52	-12.669
96352	-31.069	19.99	1.658	679.26	-6.1882	0.17167	939.6	4.6751	-15.042	-13.571
10356	-29.899	18.867	1.654	677.75	-5.7331	0.17142	937.26	4.73	-15.163	-13.487
12330	-24.104	10.137	1.7648	676.24	-3.942	0.17346	940.91	4.7521	-13.035	-13.154
14337	-22.49	7.3819	1.6986	676.47	-3.6015	0.17317	939.35	4.7531	-12.723	-13.09
16356	-29.011	18.137	1.7023	673.09	-5.5564	0.17237	937.95	4.7376	-14.605	-13.426
18329	-16.304	-10.286	1.749	677.72	-1.7309	0.17345	943.06	4.81	-10.775	-12.926
26391	-37.886	25.998	1.6892	671.11	-8.7318	0.17277	938.03	4.7295	-17.675	-14.966
28316	-12.296	-8.1093	1.7662	672.73	-1.5834	0.17608	947.12	4.8327	-10.273	-12.423
30345	-25.99	13.657	1.6817	667.05	-4.5934	0.17006	939.08	4.7504	-13.902	-13.265
32332	-23.382	9.5788	1.7058	666.64	-3.7354	0.17228	940.6	4.7585	-12.987	-13.042
34341	-23.046	8.8836	1.7038	673.75	-3.7821	0.17278	940.06	4.7343	-13.016	-13.277
36351	-29.396	17.825	1.6746	672.87	-5.4847	0.17384	936.92	4.7105	-14.747	-13.519
38325	-15.743	-8.6919	1.7322	674.26	-1.8796	0.17496	942.8	4.7904	-10.911	-12.878
48357	-32.549	21.588	1.6784	675.74	-6.5686	0.17361	936.2	4.6882	-15.651	-13.543
50330	-16.603	-7.9653	1.7534	668.45	-2.1534	0.17576	943.07	4.7875	-10.963	-12.784
56360	-32.28	21.204	1.6765	669.07	-6.5183	0.17032	938.82	4.7459	-15.627	-13.886
58328	-15.786	-10.44	1.7578	665.98	-1.753	0.18056	937.12	4.705	-10.818	-12.703
62378	-34.379	23.686	1.6433	669.74	-8.0127	0.17217	935.52	4.6915	-16.862	-14.256
64327	-16.594	-8.1311	1.7898	667.33	-2.0029	0.17337	945.74	4.8333	-10.904	-13.101
70353	-29.69	18.413	1.6743	676.15	-5.4993	0.1735	936.33	4.7111	-14.747	-13.389
72334	-21.866	6.8514	1.7102	668.9	-3.3981	0.17804	938.48	4.6866	-12.582	-13.116
74345	-28.182	16.798	1.6833	675	-5.1076	0.17486	935.62	4.6887	-14.398	-13.363
76332	-17.944	-6.4247	1.7248	673.38	-2.269	0.17427	941.44	4.782	-11.473	-13.239
82350	-28.575	17.708	1.6811	666.71	-5.5988	0.17291	936.71	4.7178	-14.858	-13.497
84339	-22.723	8.5665	1.7331	683.31	-3.594	0.17363	940.6	4.7522	-12.956	-13.295
86340	-26.247	13.431	1.6949	666.21	-4.624	0.1741	937.36	4.6994	-13.556	-13.141
88331	-20.706	4.031	1.7076	676.52	-3.0302	0.17264	941.12	4.7543	-12.205	-12.733
90338	-26.173	14.415	1.6982	683.44	-4.7166	0.17243	937.88	4.7436	-13.738	-13.088
92332	-21.011	5.0194	1.7004	674.83	-3.2267	0.17272	940.75	4.766	-12.359	-13.092
94348	-30.516	19.346	1.6825	665.44	-5.9897	0.17289	936.61	4.7111	-15	-13.423
96325	-14.125	-8.7841	1.7772	676.3	-1.7154	0.17184	946.15	4.83	-10.568	-12.763
10350	-29.609	18.027	1.669	679.84	-5.4532	0.17209	937.89	4.7052	-14.643	-13.154
12333	-21.855	7.6066	1.7372	671.24	-3.4713	0.17378	940.36	4.7513	-12.547	-12.973
14344	-27.579	15.687	1.6972	673.85	-4.9273	0.17386	938.3	4.6987	-14.069	-13.187
16330	-19.078	-1.2089	1.7429	675.58	-2.7439	0.17302	942.74	4.7741	-11.87	-13.097
18374	-35.359	24.31	1.6806	670.79	-8.1094	0.17372	935.17	4.6796	-16.948	-14.545
20318	-12.344	-10.069	1.8032	662.84	-1.6017	0.17615	946.56	4.7996	-10.196	-12.477
22351	-29.886	18.594	1.6703	672.78	-5.7157	0.17235	937.51	4.7012	-14.994	-13.51
24334	-17.439	-5.097	1.7653	662.63	-2.302	0.17265	944.78	4.8006	-11.166	-12.884
34354	-29.183	17.579	1.681	683.53	-5.1811	0.17188	939.24	4.712	-14.61	-13.268
36329	-19.209	0.84472	1.7234	665.56	-2.7099	0.1736	941.68	4.7479	-11.862	-12.928
38371	-35.525	24.418	1.6717	668.57	-7.854	0.17279	935.93	4.6845	-17.058	-14.289
40323	-11.129	-9.5411	1.8165	673.1	-1.5551	0.17516	949.09	4.8363	-10.117	-12.57
42348	-27.885	16.837	1.6656	680.33	-5.5234	0.17535	935.21	4.6785	-14.411	-13.222
44324	-16.594	-4.4692	1.7565	669.8	-2.1471	0.17292	943.18	4.7746	-11.141	-12.525
46351	-30.583	19.671	1.6966	672.03	-6.1351	0.17058	938.18	4.7044	-15.269	-13.519
48326	-18.018	-3.199	1.7888	674.1	-2.4262	0.1748	943.88	4.7804	-11.363	-12.937
50351	-28.111	17.584	1.6538	678.18	-5.3302	0.17268	936.16	4.6994	-14.407	-13.227
52332	-21.697	6.723	1.6836	679.21	-3.5269	0.17224	942.74	4.7887	-12.418	-13.125
54336	-23.458	10.174	1.6932	671.15	-3.8471	0.17426	937.08	4.7046	-13.233	-13.354
56342	-27.224	15.054	1.6694	673.37	-4.8358	0.17527	935.54	4.6649	-14.152	-13.462
58336	-23.575	11.187	1.7207	672.79	-3.8302	0.17441	939.55	4.7405	-13.037	-13.097
60337	-26.096	13.482	1.6973	673.19	-4.4092	0.17157	941.23	4.7637	-13.493	-13.269
62335	-21.021	4.5985	1.7037	678.85	-3.0962	0.17408	940.5	4.7419	-12.347	-13.065
64343	-27.963	16.307	1.6909	681.81	-5.3867	0.17252	939.81	4.6998	-14.23	-13.529
66334	-23.004	8.4717	1.7034	671.56	-3.55	0.17841	937.82	4.697	-12.853	-13.242
68336	-23.968	10.392	1.6979	675.49	-3.852	0.17398	937.81	4.7155	-13.034	-12.96
70350	-29.565	18.394	1.7126	664.56	-5.6543	0.17096	940.59	4.7449	-14.82	-13.851
72325	-15.508	-8.2187	1.7249	678.07	-1.875	0.17487	942.37	4.764	-10.818	-12.572
74360	-32.291	21.628	1.6469	675.74	-6.7703	0.1713	936.17	4.6819	-16.026	-13.812
76326	-15.643	-6.3187	1.7816	676.36	-2.0092	0.17485	945.71	4.7928	-10.746	-12.78
78365	-33.277	22.027	1.6687	676.2	-6.8468	0.17334	935.45	4.6665	-16.263	-13.816
80322	-12.018	-8.5844	1.7874	668.11	-1.6203	0.17491	947.47	4.8163	-10.21	-12.504
86340	-27.109	15.489	1.6839	669.29	-5.1014	0.1714	939.08	4.7254	-14.082	-13.049
88336	-24.097	10.618	1.7019	672.68	-3.8702	0.17174	941.12	4.7378	-13.158	-13.182
90334	-23.408	9.6811	1.716	668.26	-3.7159	0.17689	937.19	4.6806	-12.924	-12.883
92341	-23.567	10.064	1.7011	666.55	-3.8919	0.17277	939.04	4.7332	-13.112	-13.085
94340	-25.035	12.344	1.6862	669.9	-4.2661	0.1723	939.73	4.728	-13.563	-13.417
96342	-23.839	9.9411	1.7012	679.42	-4.0149	0.17399	938.83	4.7237	-13.333	-13.506
6373	-33.016	22.287	1.6491	665.6	-7.0449	0.17145	935.59	4.6781	-16.37	-13.753
8330	-17.188	-5.1036	1.7378	672.42	-2.17	0.17232	944.54	4.7903	-11.227	-12.665
10350	-29.788	18.502	1.683	668.89	-5.748	0.1695	938.17	4.7248	-14.933	-13.437
12327	-19.471	1.2551	1.7162	675.66	-2.7659	0.17455	941.89	4.7635	-11.884	-12.923
14351	-30.006	18.372	1.677	676.73	-5.7798	0.17133	938.8	4.7194	-14.805	-13.406
16329	-15.386	-8.4809	1.7597	668.77	-1.8813	0.17686	941.31	4.7693	-10.769	-12.71
26353	-30.065	18.38	1.6718	663.48	-5.6343	0.17159	938.14	4.7213	-14.73	-13.185
28333	-19.149	-1.3805	1.7429	670.04	-2.6411	0.17352	941.86	4.7658	-11.893	-13.118
42341	-26.945	15.142	1.6688	674.72	-4.8945	0.17231	939.05	4.7093	-14.001	-13.007
44344	-26.449	13.938	1.72	671.96	-4.6172	0.17386	938.98	4.7208	-13.75	-13.259
46340	-23.627	10.32	1.7357	668.93	-3.919	0.17307	941.52	4.7444	-13.136	-13.368
48334	-22.352	7.2068	1.6835	674.51	-3.3208	0.17299	939.43	4.7319	-12.638	-12.763
50349	-27.969	16.457	1.7121	677.14	-5.2997	0.16999	941.44	4.7597	-14.325	-13.6
52328	-19.771	2.0259	1.7321	676.99	-3.0347	0.17304	942.47	4.7824	-12.138	-13.373
54358	-31.197	19.768	1.6835	666.5	-6.191	0.17643	933.94	4.6614	-15.291	-13.57
56327	-16.16	-10.169	1.7155	667.43	-1.7279	0.17625	942.3	4.7783	-10.53	-12.585
62342	-26.501	13.802	1.6663	667.34	-4.5361	0.17312	937.58	4.7223	-13.804	-13.043
64344	-25.92	13.733	1.6939	671.63	-4.6075	0.17445	938.01	4.7023	-13.722	-13.118
66336	-21.303	4.5974	1.708	665.55	-3.1817	0.17287	940.86	4.767	-12.419	-13.131
68344	-27.347	15.312	1.6869	667.34	-4.9284	0.17327	937.03	4.7064	-14.354	-13.526
70330	-21.997	6.1081	1.7131	671.09	-3.3835	0.17356	940.55	4.7497	-12.538	-12.905
72342	-25.19	12.607	1.6851	678.18	-4.2979	0.17363	939.29	4.7298	-13.567	-13.26
74332	-22.979	8.9175	1.7135	674.63	-3.6806	0.17297	940.87	4.7597	-12.895	-13.188
76336	-24.289	11.246	1.6853	668.32	-4.1171	0.17436	937.68	4.7176	-13.367	-13.361
78341	-23.252	9.4193	1.7102	682.34	-3.8163	0.17249	939.17	4.7247	-13.157	-13.316
80346	-28.964	17.841	1.6999	673.18	-5.4353	0.17407	936.85	4.7056	-14.754	-13.579
82325	-16.19	-7.7707	1.7429	672.5	-1.9792	0.17172	944.94	4.8072	-10.862	-12.619
84380	-36.024	24.631	1.6423	668.71	-8.1327	0.17203	936.45	4.6895	-17.157	-14.406
86325	-10.581	-8.2109	1.8118	668.75	-1.5977	0.17302	949.59	4.8498	-10.185	-12.426
88351	-29.27	17.733	1.6701	678.88	-5.3223	0.1694	940.65	4.7531	-14.631	-13.498
90337	-19.046	-3.5406	1.7485	668.27	-2.6339	0.17484	941.72	4.7532	-11.832	-13.121
92373	-35.061	24.228	1.6872	677.73	-7.8629	0.17241	936.52	4.7052	-17.019	-14.553
94320	-10.263	-7.9235	1.7896	670.69	-1.4841	0.17291	949.22	4.8544	-10.121	-12.231
96340	-25.239	12.538	1.6737	673.67	-4.2747	0.17152	939.68	4.7532	-13.418	-12.994
8363	-33.562	22.231	1.6673	669.64	-6.9248	0.17726	932.92	4.6799	-16.18	-13.89
10333	-17.459	-5.9963	1.7662	666	-2.2367	0.17554	941.26	4.7867	-11.263	-13.022
20346	-25.041	12.488	1.6823	666.5	-4.1267	0.17406	936.31	4.7142	-13.658	-13.253
26349	-26.636	15.038	1.6653	670.19	-4.8785	0.17279	936.83	4.7293	-14.02	-12.891
28345	-25.378	12.924	1.7016	682.43	-4.6186	0.17082	940.41	4.7716	-13.647	-13.409
30338	-22.797	8.5451	1.7189	660.22	-3.6947	0.17337	939.24	4.7489	-13.015	-13.313
32344	-26.248	14.474	1.682	676.56	-4.5333	0.17233	937.81	4.745	-13.814	-13.461
34332	-21.201	4.7088	1.7288	674.1	-3.0776	0.18155	937.32	4.6878	-12.419	-13.046
36351	-30.654	19.216	1.7178	668.8	-5.8773	0.1769	934.23	4.6893	-15.068	-13.565
38329	-17.547	-2.8113	1.7386	666.38	-2.3843	0.17405	943.1	4.8003	-11.256	-13.02
40351	-30.52	19.403	1.6829	675.05	-5.9676	0.17968	932.51	4.6517	-15.428	-13.952
42333	-18.836	-1.9625	1.7388	678.9	-2.5548	0.18144	936.98	4.7026	-11.81	-13.233
44371	-34.247	23.209	1.6637	673.64	-7.4913	0.17309	934.46	4.6805	-16.61	-14.231
46323	-12.889	-8.6905	1.7793	675.3	-1.6268	0.17812	943.15	4.7982	-10.299	-12.484
48373	-35.587	23.954	1.6969	672.33	-7.8973	0.17404	935.23	4.7047	-16.817	-14.372
50319	-11.184	-8.4718	1.8267	668.06	-1.5294	0.17553	946.65	4.8513	-10.249	-12.476
52362	-32.975	21.756	1.6811	676.23	-6.8064	0.1724	937.52	4.7439	-15.89	-13.932
54325	-12.498	-10.628	1.7985	675.01	-1.433	0.17655	944.42	4.8124	-10.253	-12.6
66367	-31.621	21.317	1.6625	674.45	-6.7549	0.18189	929.09	4.6175	-15.983	-13.79
68332	-22.355	7.064	1.7266	678.64	-3.2596	0.17516	940.3	4.7744	-12.562	-13.135
70341	-25.69	13.245	1.7476	679.83	-4.4855	0.17528	936.79	4.7267	-13.812	-13.837
72341	-26.268	13.804	1.7195	681.69	-4.5613	0.18277	931.29	4.6414	-13.824	-13.567
74344	-25.922	12.994	1.72	666.24	-4.3147	0.17626	935.35	4.6997	-13.623	-13.306
76332	-23.016	9.0207	1.7193	675.79	-3.5901	0.17293	941.27	4.7782	-12.812	-13.2
78352	-32.649	20.984	1.6997	678.61	-6.3125	0.17327	937.5	4.7595	-15.25	-13.602
80321	-12.124	-9.266	1.7903	669.55	-1.4948	0.17527	945.48	4.8469	-10.215	-12.339
82348	-27.065	15.375	1.6729	674.5	-4.6497	0.16989	938.7	4.7549	-14.097	-13.228
84334	-21.339	5.7593	1.7055	670.93	-3.3167	0.1731	941.85	4.7733	-12.644	-13.197
86337	-23.684	9.993	1.6886	676.6	-3.8876	0.17276	937.75	4.7242	-13.186	-13.26
88347	-27.969	16.611	1.7116	666.42	-5.3513	0.17456	935.68	4.6948	-14.424	-13.44
90328	-20.518	2.1433	1.7629	679.74	-2.9987	0.17698	940.93	4.7645	-12.161	-13.53
92376	-37.015	26.061	1.6449	682.37	-8.7663	0.17667	930.34	4.6306	-17.805	-14.92
94326	-12.84	-9.3186	1.7805	672.8	-1.5467	0.17328	948.4	4.8891	-10.227	-12.843
96345	-26.491	14.646	1.6782	670.08	-4.6066	0.17446	935.16	4.6972	-14.081	-13.175
26358	-30.207	19.108	1.6782	666.64	-5.8538	0.17041	939.02	4.7403	-15.08	-13.499
28332	-21.821	6.6355	1.6908	667.55	-3.409	0.17345	940.72	4.7727	-12.658	-13.085
30346	-23.736	10.755	1.7067	673.55	-4.0336	0.1725	939.01	4.7309	-13.367	-13.345
32349	-29.516	18.242	1.6995	671.49	-5.5644	0.17097	940.26	4.7455	-14.488	-13.563
34323	-17.201	-5.4965	1.7591	680.66	-2.4474	0.175	941.99	4.7659	-11.374	-13.098
40352	-22.649	9.2412	1.6891	672.94	-3.8373	0.17327	937.22	4.7266	-13.35	-13.308
46368	-32.933	22.285	1.6586	671.78	-7.0905	0.1724	935.93	4.7069	-16.226	-13.859
48326	-18.077	-2.4974	1.7718	668.71	-2.5278	0.1738	944.48	4.8108	-11.294	-12.852
50345	-27.982	16.276	1.6602	674.64	-5.0071	0.17143	937.3	4.7328	-14.238	-13.077
52330	-21.036	6.046	1.7313	677.01	-3.4265	0.1732	942.23	4.7701	-12.272	-13.085
54339	-23.471	9.2788	1.701	661.82	-3.6204	0.17182	938.58	4.727	-13.013	-13.07
56341	-23.383	10.387	1.6882	669.46	-3.9594	0.17297	937.02	4.729	-13.368	-13.231
58346	-24.741	12.09	1.6699	664.34	-4.2212	0.17206	938.59	4.7395	-13.501	-13.252
60335	-25.05	11.89	1.7327	675.11	-4.2507	0.17475	939.11	4.7288	-13.287	-13.247
62341	-28.856	17.505	1.6914	668.44	-5.2964	0.17162	940.63	4.7639	-14.366	-13.373
64325	-16.186	-8.8001	1.722	674.85	-1.9678	0.17374	943.99	4.815	-10.871	-12.871
70352	-29.387	18.146	1.6647	675.68	-5.5083	0.17385	935.73	4.7013	-14.795	-13.272
72335	-23.863	9.7465	1.7387	679.86	-3.8574	0.17278	941.27	4.7743	-12.96	-13.228
74334	-22.027	7.1022	1.6827	674.13	-3.7449	0.17228	939.54	4.751	-12.723	-12.959
76339	-25.101	12.065	1.7023	667.6	-4.189	0.17207	938.69	4.7431	-13.392	-12.993
78340	-22.235	7.5271	1.6881	674.42	-3.4076	0.17254	940.88	4.7497	-12.847	-13.084
80348	-28.071	16.715	1.6898	669.67	-5.1069	0.17218	939.14	4.7437	-14.321	-13.733
82332	-18.657	-5.4593	1.7039	674.66	-2.2775	0.17772	938.98	4.7198	-11.56	-12.915
32370	-31.793	21.326	1.6493	674.12	-6.6396	0.1739	935.73	4.6975	-15.782	-13.593
34328	-18.008	-2.3359	1.7587	677.61	-2.4569	0.17469	942.87	4.7843	-11.6	-13.035
40351	-30.114	19.599	1.6588	670.38	-6.2376	0.17335	936.79	4.678	-15.257	-13.361
42331	-19.086	-0.79683	1.7393	673.53	-2.8457	0.17482	941.51	4.7708	-11.9	-13.131
44355	-30.897	19.734	1.6739	668.55	-6.2302	0.17017	937.32	4.7253	-15.24	-13.602
46330	-17.826	-3.8271	1.7498	662.54	-2.3011	0.17322	943.84	4.798	-11.424	-12.833
48347	-26.747	14.771	1.6745	670.55	-4.7207	0.17216	936.73	4.7206	-13.937	-13.078
50333	-21.921	7.6676	1.7248	662.7	-3.8443	0.17326	940.55	4.7596	-12.968	-13.452
52353	-31.284	20.182	1.6749	676.73	-6.122	0.1729	937.8	4.7111	-15.336	-13.746
54323	-16.885	-4.5934	1.7701	670.86	-2.2787	0.17411	945.04	4.8212	-11.076	-12.945
56338	-27.137	14.99	1.7064	670.28	-4.7261	0.17305	935.73	4.7074	-13.938	-12.956
58332	-18.203	-5.5912	1.7221	678.43	-2.4643	0.17446	940.22	4.7596	-11.469	-12.881
64377	-36.49	24.839	1.6505	668.13	-8.1272	0.17218	936.6	4.7068	-17.251	-14.491
66325	-13.518	-9.1584	1.814	683.82	-1.6895	0.17659	944.51	4.8124	-10.406	-12.528
68355	-28.433	17.194	1.6478	676.07	-5.7838	0.17092	937.46	4.7371	-14.548	-13.531
70333	-21.477	6.6068	1.7305	665.05	-3.3439	0.1746	939.35	4.7506	-12.415	-12.882
72341	-26.307	14.232	1.6913	675.4	-4.8626	0.17553	937.21	4.7133	-13.859	-13.376
74333	-23.18	8.9841	1.7329	674.37	-3.6682	0.17241	940.84	4.7741	-12.838	-13.162
76344	-24.745	12.359	1.7077	675.43	-4.0446	0.17332	937.95	4.7322	-13.523	-13.332
78335	-24.122	11.138	1.7436	670.37	-3.9436	0.17305	939.48	4.7489	-13.329	-13.403
80341	-25.5	13.046	1.7093	679.08	-4.2135	0.17465	938.3	4.7254	-13.536	-13.238
82331	-21.063	5.6678	1.7143	674.48	-3.209	0.17226	941	4.7829	-12.399	-13.045
84343	-27.126	15.119	1.6717	677.09	-4.8089	0.17567	935.6	4.6907	-13.893	-13.168
86330	-18.565	-2.9354	1.734	670.79	-2.7013	0.17332	941.07	4.7649	-11.954	-13.012
96339	-24.396	10.999	1.6693	680.61	-4.0756	0.17232	938.79	4.7445	-13.415	-13.164
12348	-27.999	16.149	1.6747	674.05	-5.2679	0.16979	939.66	4.7267	-14.456	-13.285
14343	-28.055	16.328	1.6874	668.56	-5.1921	0.17266	939.63	4.7287	-14.231	-13.288
16327	-16.698	-5.9809	1.7316	674.22	-2.1073	0.17188	944.27	4.8067	-11.095	-12.728
32358	-30.33	19.396	1.6677	670.1	-5.9341	0.16995	938.6	4.7015	-15.255	-13.518
34331	-22.145	6.8697	1.7334	663.85	-3.2778	0.17464	941.86	4.7164	-12.511	-13.099
36341	-24.053	11.059	1.6872	670.03	-4.0298	0.17158	939.02	4.7227	-13.236	-13.019
38342	-25.48	13.174	1.7125	673.53	-4.1972	0.17312	939.68	4.7136	-13.829	-13.524
40338	-27.481	15.155	1.7017	672.75	-4.8034	0.17383	939.42	4.7237	-13.92	-13.459
42324	-19.032	-1.3736	1.7082	675.46	-2.6306	0.17424	941.8	4.7453	-11.685	-12.89
44360	-32.896	21.459	1.6858	677.88	-6.9811	0.17563	933.91	4.6456	-15.736	-13.698
46323	-10.401	-8.8731	1.7784	665.87	-1.4224	0.17561	944.52	4.7915	-10.166	-12.149
48342	-21.893	6.3407	1.6643	680.31	-3.6258	0.17259	937.45	4.7018	-13.126	-13.118
50357	-31.545	20.16	1.6581	672.58	-6.2597	0.1721	936.86	4.7065	-15.34	-13.568
52329	-14.787	-11.773	1.7411	667.54	-1.6664	0.17408	944.66	4.8025	-10.545	-12.808
58354	-31.159	20.001	1.6852	676.23	-6.3085	0.17457	935.85	4.6783	-15.298	-13.799
60335	-19.629	-0.96552	1.7365	669.71	-2.7991	0.17656	938.7	4.6918	-12.197	-13.217
76357	-28.659	17.741	1.6863	679.27	-5.4027	0.17299	936.87	4.6958	-14.715	-13.471
78338	-22.983	7.6105	1.6856	667.29	-3.5787	0.17397	939.57	4.7161	-12.972	-13.411
80349	-32.011	20.741	1.6886	683.16	-6.6431	0.17266	937.52	4.6816	-15.583	-13.838
82323	-13.18	-9.0777	1.7576	680.69	-1.7503	0.17436	945.21	4.8001	-10.338	-12.398
6368	-33.182	22.116	1.65	666.09	-7.2023	0.1724	935.67	4.6898	-16.171	-13.794
8330	-20.442	2.1565	1.7398	673.83	-2.8986	0.1757	941.95	4.7638	-12.101	-13.239
10343	-28.46	17.086	1.6916	665.52	-5.1419	0.17313	936.88	4.7088	-14.299	-13.281
12335	-16.465	-10.191	1.7302	677.29	-1.9996	0.17311	941.92	4.7786	-11.182	-13.081
20368	-32.357	21.7	1.6683	680.03	-6.8172	0.17283	935.63	4.7012	-16.013	-13.455
22319	-12.922	-9.6421	1.7734	665.39	-1.6102	0.17367	945.65	4.8225	-10.417	-12.601
42353	-29.355	17.692	1.6909	669.9	-5.5152	0.17322	935.11	4.7139	-14.839	-13.045
44331	-23.743	10.012	1.7195	676.77	-3.7889	0.17151	943.16	4.7948	-12.873	-13.126
46336	-26.394	14.152	1.6946	676.36	-4.4961	0.17237	940.71	4.7728	-13.581	-13.151
48331	-19.244	1.1887	1.7706	672.96	-2.7645	0.17585	939.82	4.7495	-12.063	-13.103
50354	-31.57	19.853	1.6898	669.06	-6.0365	0.17402	935.1	4.6951	-15.211	-13.466
52326	-14.766	-8.9675	1.7835	674.36	-1.8135	0.17228	946.04	4.8345	-10.604	-12.555
58395	-36.437	26.007	1.6224	673.36	-8.9099	0.17633	932.49	4.6483	-17.913	-14.98
60323	-14.127	-9.2811	1.7925	676.67	-1.6474	0.174	945.5	4.8326	-10.438	-12.721
66345	-27.47	15.897	1.674	680.01	-4.9673	0.17495	935.77	4.7089	-14.13	-13.129
68340	-22.985	8.6376	1.7091	672.31	-3.8956	0.17547	938.71	4.7192	-12.94	-13.075
70335	-19.72	1.2939	1.7063	673.14	-2.8822	0.17151	939.43	4.771	-12.241	-12.901
76352	-29.895	17.931	1.6563	673.6	-5.5083	0.17536	933.7	4.6951	-14.8	-13.214
78330	-21.12	5.129	1.7137	669.26	-3.2689	0.17399	941.11	4.7726	-12.494	-13.23
84359	-33.066	21.625	1.6798	672.56	-6.7498	0.17649	936.16	4.6942	-15.868	-13.477
86323	-15.405	-7.3831	1.7873	673.33	-1.947	0.17317	946.47	4.8308	-10.672	-12.842
92378	-35.967	24.854	1.6692	670.28	-8.0714	0.17181	937.03	4.7125	-17.254	-14.614
94326	-16.369	-5.7736	1.7793	671.03	-2.1581	0.17738	943.46	4.79	-10.973	-12.963
96350	-27.224	15.011	1.6726	674.23	-4.9561	0.17633	935.14	4.6775	-14.361	-13.374
14360	-31.231	20.228	1.6786	675.83	-6.2579	0.17598	934.41	4.6884	-15.51	-13.421
16329	-18.352	-3.3797	1.728	676.35	-2.4716	0.17329	944.01	4.7945	-11.419	-12.923
22360	-31.834	20.943	1.7019	680.31	-6.4893	0.17124	938.07	4.7075	-15.503	-13.438
24323	-18.373	-2.1012	1.7491	666.94	-2.4764	0.17305	945.12	4.798	-11.501	-12.929
26351	-29.283	17.653	1.6479	672.97	-5.391	0.17262	936.92	4.6932	-14.693	-13.391
28331	-18.807	-1.7925	1.7469	671.8	-2.725	0.17439	941.81	4.7653	-11.922	-13.002
30357	-32.971	21.076	1.6833	670.85	-6.5483	0.17113	938.17	4.7163	-15.682	-13.804
32320	-16.736	-5.1959	1.7782	675.45	-2.2653	0.17561	944.81	4.8044	-11.075	-12.991
38347	-27.206	15.047	1.69	677.93	-4.6268	0.17271	938.23	4.7158	-13.908	-12.918
40333	-24.068	11.578	1.6782	674.46	-4.249	0.17059	942.11	4.7572	-13.214	-13.312
42355	-31.355	20.179	1.7112	673.55	-6.122	0.17198	938.8	4.7255	-15.088	-13.6
44338	-12.787	-11.162	1.7957	672.98	-1.5201	0.17279	946.79	4.8262	-10.358	-12.482
50346	-26.652	14.877	1.6966	673.23	-4.8235	0.17564	937.57	4.6952	-14.111	-13.139
52338	-26.266	13.848	1.7024	667.03	-4.6393	0.17231	940.11	4.7602	-13.65	-13.232
54336	-23.043	8.8731	1.7123	671.57	-3.5791	0.17297	941.47	4.7602	-12.886	-13.281
56345	-23.284	9.4735	1.6927	670.26	-3.8254	0.17508	937.37	4.7171	-13.07	-13.112
58344	-26.089	13.971	1.7004	668.05	-4.7854	0.17387	937.8	4.7396	-13.708	-13.269
60339	-21.95	6.8484	1.6908	674.76	-3.6669	0.17149	942.73	4.7703	-12.64	-13.285
62337	-23.776	11.288	1.6614	678.9	-4.0288	0.1713	938.53	4.7334	-13.284	-13.122
64342	-26.121	13.506	1.6987	675.12	-4.4104	0.17515	937.36	4.6845	-13.777	-13.465
66332	-23.747	9.9375	1.7348	658.92	-3.8858	0.17502	938.41	4.7141	-13.12	-13.241
68339	-24.17	11.162	1.6858	672.19	-4.1052	0.17313	939.11	4.7368	-13.056	-13.098
70334	-21.188	4.9399	1.7029	665.88	-3.1468	0.17397	939.08	4.7154	-12.52	-12.845
72344	-28.568	16.355	1.7135	669.18	-5.0488	0.1725	937.54	4.6977	-14.376	-13.164
74325	-18.785	-0.053167	1.7645	671.36	-2.6042	0.17237	943.97	4.7997	-11.638	-12.87
76361	-31.581	20.112	1.6934	674.31	-6.3333	0.1751	935.69	4.6854	-15.648	-14.003
78329	-15.001	-8.4629	1.7707	676.25	-1.7515	0.17749	941.97	4.7545	-10.757	-12.775
92367	-34.785	23.769	1.6817	673.82	-7.387	0.17122	937.9	4.7075	-16.422	-13.881
94323	-11.878	-9.0116	1.7762	671.73	-1.5325	0.175	945.49	4.8062	-10.251	-12.289
96371	-35.526	24.119	1.6461	672.44	-7.8116	0.17305	935.94	4.6745	-16.825	-14.29
