#Vi  F/F0   FWHM    FDHM   0.1	7.1367	2.4559	21.175
0.2	3.6261	2.0698	15.206
0.4	2.8058	2.0036	15.125
0.6	2.2283	1.971	15.209
0.8	1.9128	1.9498	15.456
1	1.715	1.9336	15.754


#f_DCa   F/F0   FWHM    FDHM  
0.3	1.9128	1.9498	15.456
0.4 1.8488	2.0781	15.249
0.5 1.7979	2.1896	15.11
0.6 1.7561	2.2882	15.014


#lam_X    F/F0   FWHM    FDHM  
1.4 1.8803  2.0323  15.541
1.3	1.9128	1.9498	15.456
1.2 1.9471  1.8715  15.368
1.0 2.0212	1.7125	15.185
0.8 2.103   1.5589  15.014


#lam_y    F/F0   FWHM    FDHM  
0.2 1.9889	1.9612	15.237
0.3 1.9726  1.9384  15.281
0.4	1.9128	1.9498	15.456
0.5 1.843	1.9693	15.673


#    F/F0   FWHM    FDHM  # Vi=1,Ddye=0.02,DCa=0.6
0.02 2.7652	1.9406	20.343


#f_Ddye   F/F0   FWHM    FDHM  
0.15	1.9128	1.9498	15.456
0.1		2.1705	1.882	16.368
0.05	2.6726	1.8133	18.278
0.02	3.3158	1.7287	21.668