1	0	735.22	0.1125	0	0	29.524	54.476	0	0.10798	0.040167	2.9674	0.021846	0
2	0	735.21	0.11288	0	0	29.619	54.381	0	0.10832	0.041833	2.9541	0.023658	0
3	0	735.21	0.11328	0	0	29.667	54.333	0	0.10895	0.044595	2.9405	0.025418	0
4	0	735.2	0.11379	0	0	29.619	54.381	0	0.10979	0.048144	2.9278	0.02747	0
5	0	735.2	0.11402	0	0	29.762	54.238	0	0.10965	0.047251	2.9159	0.02823	0
6	0	735.19	0.11413	0	0	29.762	54.238	0	0.10942	0.045982	2.9051	0.028503	0
7	0	735.18	0.114	0	0	29.762	54.238	0	0.10869	0.042464	2.8956	0.027684	0
8	0	735.16	0.11362	0	0	29.857	54.143	0	0.10751	0.036813	2.8877	0.025739	0
9	0	735.15	0.11325	0	0	29.905	54.095	0	0.10674	0.033208	2.8825	0.023887	0
10	0	735.13	0.11288	0	0	29.714	54.286	0	0.10603	0.029819	2.8804	0.022064	0
11	0.88549	723.47	15.207	4.381	0	25.333	54.286	0.53732	0.38325	0.22183	9.4195	10.834	2.7654
12	1.4204	689.35	30.684	7.381	0.19048	22.429	54	0.49958	0.92299	0.40538	22.143	12.509	3.0347
13	1.5185	650.75	34.804	8.0476	0.57143	21.381	54	0.37617	1.2492	0.36634	28.731	8.8265	2.43
14	1.4696	614.77	34.283	8.2857	0.57143	20.762	54.381	0.32904	1.432	0.35485	32.189	7.7641	2.464
15	1.3949	584.08	32.645	8.1429	0.71429	20.19	54.952	0.35463	1.4995	0.33318	33.135	8.0572	2.6538
16	1.4129	554.58	33.247	8.381	1.0476	18.619	55.952	0.26009	1.6322	0.30748	33.522	6.0254	2.3011
17	1.2143	528.41	29.267	6.5714	1.9048	17.381	58.143	0.31922	1.6613	0.29843	32.532	7.1431	2.5194
18	1.1477	506.6	27.699	5.9524	2.4286	15.095	60.524	0.32991	1.6577	0.30195	31.629	7.3367	2.8644
19	1.0013	488.73	24.383	5.2857	2.2857	12.238	64.19	0.30839	1.5857	0.3171	31.891	6.9841	3.2601
20	0.94204	474.44	22.714	4.4762	2.7619	8.1905	68.571	0.28053	1.5042	0.263	30.985	6.2503	2.5402
21	0.72179	462.79	18.034	2.7619	2.8571	6.2857	72.095	0.22039	1.3788	0.23122	28.459	5.0082	2.4123
22	0.51098	455.09	13.51	1.2381	2.8095	5.1429	74.81	0.30544	1.2116	0.26346	26.673	6.5539	2.5598
23	0.43071	450.86	11.288	0.85714	2.619	3.2857	77.238	0.31204	1.0614	0.30562	26.62	6.9358	2.6412
24	0.35795	448.3	9.3358	0.66667	2.1905	2.0952	79.048	0.23972	0.93175	0.27212	26.734	5.3645	2.235
25	0.29226	447.1	7.7398	0.47619	1.8571	1.3333	80.333	0.20438	0.83186	0.24757	26.185	4.6554	1.814
26	0.25259	446.57	6.7732	0.33333	1.6667	0.66667	81.333	0.1893	0.75689	0.22725	25.594	4.272	1.472
27	0.22483	446.87	6.0087	0.28571	1.4762	0.33333	81.905	0.2161	0.68881	0.21738	24.491	4.7855	1.4409
28	0.15947	448.05	4.5771	0.19048	1.0476	0.28571	82.476	0.1617	0.61438	0.17867	23.008	3.6658	1.0998
29	0.12194	450.33	3.611	0.095238	0.85714	0.28571	82.762	0.12047	0.54868	0.15667	22.559	2.7599	0.7868
30	0.12168	452.76	3.4067	0.095238	0.85714	0.19048	82.857	0.13266	0.50794	0.13193	22.531	2.6968	1.1485
31	0.12969	455.25	3.3979	0.14286	0.85714	0.095238	82.905	0.11533	0.47902	0.12102	22.521	2.3793	1.0282
32	0.14235	457.36	3.6442	0.095238	1	0.095238	82.81	0.15789	0.46743	0.13026	22.283	3.2138	1.2611
33	0.11641	459.35	3.2765	0.047619	0.85714	0.14286	82.952	0.13998	0.45843	0.1468	22.375	3.0913	1.0845
34	0.10418	461.84	2.9742	0.047619	0.7619	0.047619	83.143	0.15074	0.43499	0.14912	22.942	3.2386	1.1127
35	0.097875	464.42	2.8104	0.095238	0.66667	0.14286	83.095	0.16183	0.41866	0.16952	23.677	3.6531	1.1932
36	0.080073	467.22	2.3969	0.095238	0.52381	0.14286	83.238	0.12569	0.39911	0.15978	24.5	2.905	0.9759
37	0.043579	470.74	1.6095	0.047619	0.28571	0.19048	83.476	0.075473	0.3609	0.13014	24.795	1.9175	0.60159
38	0.043394	474.5	1.4432	0	0.33333	0.2381	83.429	0.084874	0.33573	0.10854	25.014	1.8484	0.65828
39	0.049741	478.05	1.5152	0	0.38095	0.2381	83.381	0.086403	0.32658	0.11224	25.544	1.9756	0.66904
40	0.043531	481.58	1.4001	0.047619	0.28571	0.14286	83.524	0.086097	0.31533	0.1105	26.033	1.9334	0.60159
41	0.037451	485.3	1.231	0.047619	0.2381	0.14286	83.571	0.073482	0.30007	0.099723	26.478	1.667	0.58146
42	0.037147	489.01	1.1959	0.047619	0.2381	0.14286	83.571	0.093175	0.29078	0.10384	27.001	1.998	0.73355
43	0.030845	492.75	1.0674	0.047619	0.19048	0.14286	83.619	0.090453	0.28074	0.10736	27.514	2.0398	0.71381
44	0.018694	496.58	0.81128	0.047619	0.095238	0.047619	83.81	0.046931	0.26753	0.089729	27.88	1.2252	0.37161
45	0.0064154	500.64	0.54302	0.047619	0	0.047619	83.905	0.029399	0.25199	0.066504	27.804	0.72068	0.21822
46	0.0064041	504.62	0.51313	0	0.047619	0.047619	83.905	0.029347	0.2444	0.065383	27.742	0.80225	0.21822
47	0	508.68	0.36937	0	0	0	84	0	0.23365	0.049566	27.522	0.28044	0
48	0	512.78	0.32178	0	0	0	84	0	0.22463	0.036633	27.159	0.14313	0
49	0	516.83	0.29713	0	0	0.047619	83.952	0	0.21797	0.029733	26.797	0.085465	0
50	0	520.83	0.28208	0	0	0.095238	83.905	0	0.21247	0.025143	26.435	0.058394	0
51	0	524.77	0.27163	0	0	0.047619	83.952	0	0.20775	0.021966	26.074	0.044568	0
52	0	528.66	0.26359	0	0	0.047619	83.952	0	0.20358	0.019674	25.713	0.036828	0
53	0	532.5	0.25694	0	0	0.047619	83.952	0	0.19983	0.017948	25.352	0.032045	0
54	0	536.28	0.25114	0	0	0.047619	83.952	0	0.19639	0.016594	24.991	0.028795	0
55	0	540.01	0.24593	0	0	0.047619	83.952	0	0.19321	0.015491	24.63	0.026398	0
56	0	543.69	0.24114	0	0	0.095238	83.905	0	0.19023	0.014564	24.27	0.024511	0
57	0	547.31	0.23669	0	0	0.095238	83.905	0	0.18742	0.013765	23.91	0.022951	0
58	0	550.88	0.23251	0	0	0.095238	83.905	0	0.18477	0.013063	23.551	0.021614	0
59	0	554.4	0.22856	0	0	0.095238	83.905	0	0.18226	0.012435	23.194	0.02044	0
60	0	557.87	0.22483	0	0	0.095238	83.905	0	0.17987	0.011868	22.837	0.01939	0
61	0	561.28	0.22127	0	0	0.095238	83.905	0	0.17758	0.01135	22.481	0.018438	0
62	0	564.64	0.21789	0	0	0.095238	83.905	0	0.1754	0.010875	22.127	0.017567	0
63	0	567.96	0.21466	0	0	0.095238	83.905	0	0.17332	0.010435	21.774	0.016764	0
64	0	571.21	0.21157	0	0	0.095238	83.905	0	0.17132	0.010027	21.424	0.016021	0
65	0	574.42	0.20861	0	0	0.19048	83.81	0	0.1694	0.0096449	21.075	0.015329	0
66	0	577.58	0.20578	0	0	0.19048	83.81	0	0.16755	0.0092859	20.728	0.014683	0
67	0	580.68	0.20307	0	0	0.2381	83.762	0	0.16578	0.0089467	20.384	0.014076	0
68	0	583.74	0.20046	0	0	0.2381	83.762	0	0.16408	0.0086245	20.042	0.013504	0
69	0	586.74	0.19796	0	0	0.2381	83.762	0	0.16245	0.0083175	19.702	0.012965	0
70	0	589.7	0.19555	0	0	0.2381	83.762	0	0.16087	0.0080249	19.366	0.012454	0
71	0	592.61	0.19324	0	0	0.19048	83.81	0	0.15935	0.0077472	19.031	0.011971	0
72	0	595.46	0.19101	0	0	0.28571	83.714	0	0.15789	0.0074835	18.7	0.011513	0
73	0	598.27	0.18887	0	0	0.28571	83.714	0	0.15647	0.0072333	18.371	0.01108	0
74	0	601.03	0.1868	0	0	0.28571	83.714	0	0.15511	0.0069964	18.046	0.01067	0
75	0	603.75	0.18481	0	0	0.33333	83.667	0	0.15379	0.0067719	17.723	0.010281	0
76	0	606.41	0.18288	0	0	0.33333	83.667	0	0.15251	0.0065592	17.404	0.009913	0
77	0	609.03	0.18102	0	0	0.38095	83.619	0	0.15127	0.0063572	17.088	0.0095637	0
78	0	611.61	0.17922	0	0	0.38095	83.619	0	0.15007	0.0061653	16.775	0.0092324	0
79	0	614.13	0.17748	0	0	0.38095	83.619	0	0.14891	0.0059828	16.465	0.0089177	0
80	0	616.61	0.1758	0	0	0.38095	83.619	0	0.14779	0.0058087	16.158	0.0086183	0
81	0	619.05	0.17418	0	0	0.38095	83.619	0	0.1467	0.0056426	15.855	0.0083333	0
82	0	621.44	0.17261	0	0	0.42857	83.571	0	0.14564	0.0054837	15.556	0.0080616	0
83	0	623.79	0.17108	0	0	0.42857	83.571	0	0.14462	0.0053316	15.26	0.0078025	0
84	0	626.1	0.16961	0	0	0.47619	83.524	0	0.14363	0.0051861	14.968	0.0075553	0
85	0	628.36	0.16818	0	0	0.52381	83.476	0	0.14266	0.0050467	14.68	0.007319	0
86	0	630.58	0.16679	0	0	0.52381	83.476	0	0.14173	0.0049132	14.395	0.0070935	0
87	0	632.76	0.16545	0	0	0.52381	83.476	0	0.14082	0.0047852	14.114	0.0068775	0
88	0	634.9	0.16415	0	0	0.52381	83.476	0	0.13994	0.0046623	13.837	0.006671	0
89	0	636.99	0.16288	0	0	0.52381	83.476	0	0.13908	0.0045442	13.564	0.0064732	0
90	0	639.05	0.16165	0	0	0.52381	83.476	0	0.13824	0.0044309	13.294	0.0062839	0
91	0	641.07	0.16046	0	0	0.52381	83.476	0	0.13743	0.0043217	13.029	0.0061026	0
92	0	643.05	0.1593	0	0	0.52381	83.476	0	0.13663	0.0042168	12.767	0.0059285	0
93	0	644.99	0.15817	0	0	0.57143	83.429	0	0.13586	0.0041157	12.509	0.0057615	0
94	0	646.89	0.15708	0	0	0.57143	83.429	0	0.13511	0.0040181	12.256	0.0056011	0
95	0	648.75	0.15601	0	0	0.57143	83.429	0	0.13438	0.0039243	12.006	0.005447	0
96	0	650.58	0.15497	0	0	0.61905	83.381	0	0.13366	0.0038337	11.76	0.0052988	0
97	0	652.37	0.15396	0	0	0.61905	83.381	0	0.13297	0.0037461	11.518	0.0051563	0
98	0	654.13	0.15298	0	0	0.61905	83.381	0	0.13229	0.0036617	11.28	0.0050194	0
99	0	655.85	0.15203	0	0	0.61905	83.381	0	0.13163	0.0035799	11.046	0.0048873	0
100	0	657.54	0.1511	0	0	0.66667	83.333	0	0.13098	0.0035007	10.816	0.0047602	0
101	0	659.19	0.15019	0	0	0.66667	83.333	0	0.13035	0.0034242	10.59	0.0046375	0
102	0	660.81	0.14931	0	0	0.66667	83.333	0	0.12974	0.0033493	10.367	0.0045193	0
103	0	662.4	0.14844	0	0	0.66667	83.333	0	0.12914	0.003276	10.149	0.0044048	0
104	0	663.96	0.14761	0	0	0.71429	83.286	0	0.12856	0.0032037	9.9343	0.0042938	0
105	0	665.48	0.14679	0	0	0.71429	83.286	0	0.12799	0.0031329	9.7238	0.004186	0
106	0	666.97	0.146	0	0	0.7619	83.238	0	0.12744	0.0030631	9.5168	0.0040812	0
107	0	668.43	0.14522	0	0	0.85714	83.143	0	0.1269	0.0029947	9.3136	0.0039795	0
108	0	669.86	0.14447	0	0	0.85714	83.143	0	0.12638	0.0029284	9.1143	0.0038807	0
109	0	671.27	0.14373	0	0	0.90476	83.095	0	0.12586	0.0028646	8.9188	0.0037849	0
110	0	672.64	0.14302	0	0	0.95238	83.048	0	0.12536	0.0028034	8.7269	0.0036924	0
111	0	673.98	0.14232	0	0	0.95238	83.048	0	0.12488	0.002745	8.5386	0.0036035	0
112	0	675.3	0.14163	0	0	0.95238	83.048	0	0.1244	0.0026895	8.3539	0.0035177	0
113	0	676.59	0.14097	0	0	0.90476	83.095	0	0.12393	0.0026362	8.173	0.0034354	0
114	0	677.85	0.14032	0	0	0.95238	83.048	0	0.12347	0.0025852	7.9953	0.0033563	0
115	0	679.09	0.13968	0	0	1	83	0	0.12302	0.0025361	7.8212	0.0032803	0
116	0	680.3	0.13906	0	0	1	83	0	0.12258	0.0024887	7.6506	0.0032072	0
117	0	681.48	0.13845	0	0	1	83	0	0.12214	0.0024427	7.4835	0.0031365	0
118	0	682.64	0.13785	0	0	1	83	0	0.12172	0.0023983	7.3198	0.0030684	0
119	0	683.77	0.13727	0	0	1.0476	82.952	0	0.12131	0.0023553	7.1592	0.0030027	0
120	0	684.88	0.13671	0	0	1.0476	82.952	0	0.1209	0.0023132	7.0024	0.0029392	0
121	0	685.97	0.13615	0	0	1.0476	82.952	0	0.12051	0.0022708	6.8486	0.0028768	0
122	0	687.03	0.13561	0	0	1.0476	82.952	0	0.12013	0.0022281	6.6981	0.0028156	0
123	0	688.08	0.13509	0	0	1.1429	82.857	0	0.11975	0.0021874	6.5509	0.0027559	0
124	0	689.09	0.13457	0	0	1.1905	82.81	0	0.11939	0.0021488	6.4068	0.0026982	0
125	0	690.09	0.13408	0	0	1.2381	82.762	0	0.11904	0.0021134	6.2656	0.0026426	0
126	0	691.07	0.13359	0	0	1.2381	82.762	0	0.1187	0.0020825	6.1279	0.0025895	0
127	0	692.02	0.13312	0	0	1.2381	82.762	0	0.11837	0.0020567	5.993	0.0025401	0
128	0	692.95	0.13265	0	0	1.3333	82.667	0	0.11804	0.0020347	5.8612	0.0024942	0
129	0	693.87	0.1322	0	0	1.381	82.619	0	0.11772	0.0020153	5.7322	0.0024515	0
130	0	694.76	0.13176	0	0	1.4286	82.571	0	0.1174	0.0019974	5.6063	0.0024115	0
131	0	695.63	0.13132	0	0	1.5238	82.476	0	0.11709	0.0019805	5.483	0.0023747	0
132	0	696.49	0.1309	0	0	1.5238	82.476	0	0.11678	0.001964	5.3628	0.0023405	0
133	0	697.32	0.13048	0	0	1.619	82.381	0	0.11649	0.0019476	5.2452	0.0023084	0
134	0	698.14	0.13008	0	0	1.6667	82.333	0	0.11619	0.0019316	5.1306	0.0022785	0
135	0	698.94	0.12968	0	0	1.7619	82.238	0	0.11591	0.0019154	5.0187	0.0022503	0
136	0	699.72	0.1293	0	0	1.8095	82.19	0	0.11563	0.0018997	4.9096	0.002224	0
137	0	700.49	0.12894	0	0	1.8095	82.19	0	0.11542	0.0019061	4.8033	0.0022035	0
138	0	701.23	0.12861	0	0	1.9048	82.095	0	0.11526	0.0020223	4.6996	0.0022026	0
139	0	701.96	0.12829	0	0	2.0476	81.952	0	0.11506	0.0021514	4.599	0.0022191	0
140	0	702.68	0.128	0	0	2.0952	81.905	0	0.11493	0.0024762	4.5011	0.0022854	0
141	0	703.38	0.1277	0	0	2.0476	81.952	0	0.11471	0.0025869	4.406	0.0023484	0
142	0	704.06	0.12738	0	0	2.0952	81.905	0	0.11447	0.0026143	4.3139	0.0023867	0
143	0	704.73	0.12709	0	0	2.1905	81.81	0	0.11431	0.0029126	4.2245	0.0024757	0
144	0	705.38	0.12681	0	0	2.1429	81.857	0	0.11415	0.0032254	4.1379	0.0025975	0
145	0	706.01	0.12653	0	0	2.1905	81.81	0	0.11401	0.0035879	4.0543	0.0027488	0
146	0	706.64	0.12627	0	0	2.1429	81.857	0	0.11387	0.0039709	3.9732	0.0029315	0
147	0	707.24	0.12601	0	0	2.2381	81.762	0	0.11369	0.0041875	3.8949	0.0030876	0
148	0	707.84	0.12572	0	0	2.2381	81.762	0	0.11344	0.0041322	3.8195	0.0031583	0
149	0	708.42	0.12542	0	0	2.2857	81.714	0	0.1132	0.0040502	3.7466	0.0031768	0
150	0	708.98	0.12513	0	0	2.3333	81.667	0	0.11298	0.0040422	3.6769	0.0031919	0
151	0	709.54	0.12483	0	0	2.3333	81.667	0	0.11274	0.0039775	3.6099	0.0031834	0
152	0	710.08	0.12454	0	0	2.381	81.619	0	0.1125	0.0038467	3.5456	0.003146	0
153	0	710.61	0.12424	0	0	2.4286	81.571	0	0.11225	0.0036829	3.4841	0.0030834	0
154	0	711.12	0.12395	0	0	2.5238	81.476	0	0.11201	0.0035369	3.4252	0.0030138	0
155	0	711.62	0.12367	0	0	2.6667	81.333	0	0.11181	0.0035291	3.3689	0.002979	0
156	0	712.12	0.12341	0	0	2.7619	81.238	0	0.11162	0.0035622	3.3153	0.0029687	0
157	0	712.6	0.12314	0	0	2.8095	81.19	0	0.11142	0.0035365	3.2643	0.0029578	0
158	0	713.07	0.12289	0	0	2.9524	81.048	0	0.11122	0.003499	3.2153	0.0029416	0
159	0	713.53	0.12264	0	0	3.0476	80.952	0	0.11103	0.0034961	3.1689	0.0029341	0
160	0	713.98	0.12239	0	0	3.0476	80.952	0	0.11084	0.0034876	3.1248	0.0029296	0
161	0	714.42	0.12215	0	0	3.1905	80.81	0	0.11065	0.0034412	3.0832	0.0029143	0
162	0	714.85	0.12191	0	0	3.2857	80.714	0	0.11047	0.0034168	3.044	0.002902	0
163	0	715.27	0.12168	0	0	3.3333	80.667	0	0.11029	0.0033997	3.0069	0.0028927	0
164	0	715.68	0.12145	0	0	3.4762	80.524	0	0.11011	0.0033883	2.9721	0.0028858	0
165	0	716.08	0.12122	0	0	3.5714	80.429	0	0.10993	0.0033326	2.9396	0.0028671	0
166	0	716.47	0.12099	0	0	3.619	80.381	0	0.10975	0.0032843	2.9092	0.0028457	0
167	0	716.85	0.12077	0	0	3.8095	80.19	0	0.10957	0.0032413	2.881	0.0028238	0
168	0	717.23	0.12055	0	0	3.8095	80.19	0	0.1094	0.0032001	2.8547	0.002802	0
169	0	717.59	0.12034	0	0	4.0476	79.952	0	0.10923	0.0031599	2.8305	0.00278	0
170	0	717.95	0.12012	0	0	4.2381	79.762	0	0.10906	0.003118	2.808	0.0027571	0
171	0	718.3	0.11991	0	0	4.2381	79.762	0	0.10889	0.0030742	2.7877	0.0027327	0
172	0	718.64	0.11971	0	0	4.2381	79.762	0	0.10873	0.0030289	2.7688	0.0027068	0
173	0	718.98	0.1195	0	0	4.2857	79.714	0	0.10857	0.0029824	2.7517	0.0026794	0
174	0	719.3	0.1193	0	0	4.381	79.619	0	0.10841	0.0029356	2.7364	0.0026508	0
175	0	719.62	0.11911	0	0	4.5714	79.429	0	0.10825	0.0028889	2.7225	0.0026214	0
176	0	719.94	0.11891	0	0	4.8095	79.19	0	0.1081	0.0028432	2.71	0.0025919	0
177	0	720.24	0.11872	0	0	4.8571	79.143	0	0.10794	0.0027987	2.6988	0.0025623	0
178	0	720.54	0.11853	0	0	4.9524	79.048	0	0.1078	0.0027556	2.6887	0.0025332	0
179	0	720.84	0.11835	0	0	5	79	0	0.10765	0.002714	2.6798	0.0025046	0
180	0	721.12	0.11817	0	0	5	79	0	0.10751	0.0026741	2.6718	0.0024767	0
181	0	721.4	0.11799	0	0	5.0952	78.905	0	0.10737	0.0026354	2.665	0.0024494	0
182	0	721.68	0.11782	0	0	5.0952	78.905	0	0.10723	0.0025982	2.6589	0.0024227	0
183	0	721.95	0.11765	0	0	5.1429	78.857	0	0.10709	0.0025624	2.6537	0.002397	0
184	0	722.21	0.11748	0	0	5.3333	78.667	0	0.10696	0.0025279	2.6491	0.0023716	0
185	0	722.47	0.11731	0	0	5.381	78.619	0	0.10683	0.0024943	2.6452	0.002347	0
186	0	722.72	0.11715	0	0	5.4286	78.571	0	0.1067	0.0024617	2.6417	0.0023227	0
187	0	722.97	0.11699	0	0	5.4762	78.524	0	0.10657	0.0024298	2.6389	0.0022989	0
188	0	723.21	0.11683	0	0	5.4286	78.571	0	0.10645	0.0023976	2.6365	0.0022752	0
189	0	723.45	0.11668	0	0	5.4762	78.524	0	0.10633	0.0023645	2.6346	0.002251	0
190	0	723.68	0.11653	0	0	5.5238	78.476	0	0.10622	0.0023294	2.6332	0.0022257	0
191	0	723.91	0.11639	0	0	5.6667	78.333	0	0.10612	0.0022935	2.6318	0.0021994	0
192	0	724.13	0.11626	0	0	5.6667	78.333	0	0.10602	0.0022561	2.6309	0.0021717	0
193	0	724.35	0.11613	0	0	5.7619	78.238	0	0.10594	0.0022207	2.6301	0.0021432	0
194	0	724.56	0.11601	0	0	5.7619	78.238	0	0.10585	0.0021894	2.6293	0.0021157	0
195	0	724.77	0.11589	0	0	5.8095	78.19	0	0.10578	0.0021626	2.6283	0.0020895	0
196	0	724.97	0.11578	0	0	6	78	0	0.1057	0.0021402	2.6275	0.0020659	0
197	0	725.17	0.11567	0	0	6	78	0	0.10562	0.0021217	2.6263	0.0020451	0
198	0	725.37	0.11556	0	0	6.0952	77.905	0	0.10554	0.0021053	2.6251	0.0020266	0
199	0	725.56	0.11544	0	0	6.3333	77.667	0	0.10546	0.0020898	2.6237	0.0020097	0
200	0	725.74	0.11533	0	0	6.5238	77.476	0	0.10537	0.002074	2.6219	0.001994	0
201	0	725.93	0.11522	0	0	6.5714	77.429	0	0.10528	0.0020577	2.6201	0.0019787	0
202	0	726.1	0.11511	0	0	6.619	77.381	0	0.10519	0.0020409	2.618	0.0019637	0
203	0	726.28	0.11499	0	0	6.6667	77.333	0	0.1051	0.002023	2.6157	0.0019484	0
204	0	726.45	0.11488	0	0	6.6667	77.333	0	0.10501	0.0020044	2.6134	0.001933	0
205	0	726.61	0.11485	0	0	6.6667	77.333	0	0.10499	0.0019366	2.6109	0.0018591	0
206	0	726.78	0.11509	0	0	6.7619	77.238	0	0.10537	0.0028299	2.6082	0.0023981	0
207	0	726.94	0.11554	0	0	6.8095	77.19	0	0.10593	0.0052959	2.6051	0.0044073	0
208	0	727.09	0.11593	0	0	6.8571	77.143	0	0.10631	0.0071975	2.6016	0.0064031	0
209	0	727.24	0.11624	0	0	6.9524	77.048	0	0.10663	0.0087922	2.5969	0.0080461	0
210	0	727.39	0.11636	0	0	6.9524	77.048	0	0.10664	0.0089449	2.5903	0.0087794	0
211	0	727.53	0.11658	0	0	7.0952	76.905	0	0.1069	0.010381	2.5818	0.010063	0
212	0	727.67	0.1168	0	0	7.1429	76.857	0	0.10714	0.011587	2.5718	0.0113	0
213	0	727.8	0.11692	0	0	7.2381	76.762	0	0.10724	0.012183	2.561	0.012068	0
214	0	727.93	0.11711	0	0	7.2381	76.762	0	0.10746	0.013266	2.5488	0.013148	0
215	0	728.05	0.11729	0	0	7.381	76.619	0	0.10766	0.014206	2.5359	0.014067	0
216	0	728.17	0.11725	0	0	7.4762	76.524	0	0.10755	0.013842	2.5226	0.014087	0
217	0	728.29	0.11709	0	0	7.619	76.381	0	0.10737	0.013196	2.509	0.013678	0
218	0	728.4	0.11679	0	0	7.6667	76.333	0	0.10702	0.011894	2.4952	0.012664	0
219	0	728.5	0.11649	0	0	7.7143	76.286	0	0.10672	0.010809	2.4821	0.011643	0
220	0	728.61	0.11622	0	0	7.7619	76.238	0	0.10649	0.0099938	2.4697	0.010782	0
221	0	728.7	0.11594	0	0	7.7619	76.238	0	0.10623	0.009116	2.4591	0.0098855	0
222	0	728.8	0.11569	0	0	7.8571	76.143	0	0.10601	0.0084065	2.4503	0.0091387	0
223	0	728.89	0.11549	0	0	7.8095	76.19	0	0.10587	0.0080792	2.4438	0.0086777	0
224	0	728.98	0.11526	0	0	8.0476	75.952	0	0.10565	0.0074072	2.4397	0.0080464	0
225	0	729.06	0.11505	0	0	8.1905	75.81	0	0.10546	0.0068861	2.4377	0.0075147	0
226	0	729.15	0.11487	0	0	8.3333	75.667	0	0.10531	0.0064702	2.438	0.0070752	0
227	0	729.23	0.11471	0	0	8.5238	75.476	0	0.10519	0.0061268	2.4405	0.0067129	0
228	0	729.3	0.11457	0	0	8.5714	75.429	0	0.10507	0.0058432	2.4446	0.0064104	0
229	0	729.38	0.11443	0	0	8.5714	75.429	0	0.10496	0.0056068	2.4507	0.0061586	0
230	0	729.46	0.11431	0	0	8.5238	75.476	0	0.10487	0.0054069	2.4581	0.005947	0
231	0	729.53	0.11421	0	0	8.5714	75.429	0	0.10479	0.0052385	2.4665	0.0057674	0
232	0	729.6	0.11411	0	0	8.5714	75.429	0	0.10471	0.0050951	2.476	0.0056131	0
233	0	729.67	0.11401	0	0	8.7143	75.286	0	0.10463	0.0049716	2.4861	0.0054794	0
234	0	729.74	0.11393	0	0	8.7619	75.238	0	0.10457	0.0048651	2.4968	0.0053617	0
235	0	729.81	0.11384	0	0	8.7619	75.238	0	0.1045	0.0047701	2.508	0.005257	0
236	0	729.87	0.11375	0	0	8.8095	75.19	0	0.10442	0.0046813	2.5191	0.0051624	0
237	0	729.94	0.11367	0	0	8.9524	75.048	0	0.10434	0.0045966	2.5305	0.0050751	0
238	0	730	0.11358	0	0	9.1905	74.81	0	0.10426	0.0045163	2.5419	0.0049932	0
239	0	730.06	0.11349	0	0	9.381	74.619	0	0.10418	0.0044388	2.5532	0.0049153	0
240	0	730.12	0.11341	0	0	9.4286	74.571	0	0.1041	0.004363	2.5644	0.0048399	0
241	0	730.18	0.11332	0	0	9.5238	74.476	0	0.10402	0.0042883	2.5756	0.0047669	0
242	0	730.24	0.11323	0	0	9.619	74.381	0	0.10394	0.0042165	2.5866	0.0046954	0
243	0	730.3	0.11315	0	0	9.7619	74.238	0	0.10387	0.0041453	2.5975	0.0046249	0
244	0	730.35	0.11307	0	0	9.9524	74.048	0	0.1038	0.004074	2.6081	0.0045555	0
245	0	730.41	0.11298	0	0	10.048	73.952	0	0.10372	0.0040031	2.6187	0.0044869	0
246	0	730.46	0.1129	0	0	10.048	73.952	0	0.10365	0.0039344	2.6291	0.0044191	0
247	0	730.51	0.11283	0	0	10.095	73.905	0	0.10358	0.0038678	2.6391	0.0043527	0
248	0	730.57	0.11275	0	0	10.095	73.905	0	0.10351	0.0038029	2.6487	0.0042874	0
249	0	730.62	0.11267	0	0	10.238	73.762	0	0.10345	0.0037397	2.6581	0.0042235	0
250	0	730.67	0.1126	0	0	10.286	73.714	0	0.10338	0.0036785	2.6669	0.004161	0
251	0	730.72	0.11252	0	0	10.429	73.571	0	0.10331	0.0036194	2.6757	0.0041	0
252	0	730.77	0.11245	0	0	10.619	73.381	0	0.10325	0.0035625	2.6837	0.0040405	0
253	0	730.82	0.11238	0	0	10.714	73.286	0	0.10319	0.0035089	2.6912	0.0039825	0
254	0	730.87	0.11231	0	0	10.714	73.286	0	0.10313	0.0034571	2.6984	0.0039257	0
255	0	730.91	0.11224	0	0	10.762	73.238	0	0.10307	0.0034066	2.7052	0.0038704	0
256	0	730.96	0.11217	0	0	10.857	73.143	0	0.10301	0.0033576	2.7113	0.0038163	0
257	0	731.01	0.1121	0	0	10.952	73.048	0	0.10295	0.0033102	2.717	0.0037634	0
258	0	731.05	0.11204	0	0	11.143	72.857	0	0.10289	0.0032622	2.7223	0.0037117	0
259	0	731.1	0.11197	0	0	11.238	72.762	0	0.10283	0.0032151	2.7268	0.0036609	0
260	0	731.14	0.11191	0	0	11.286	72.714	0	0.10278	0.0031695	2.731	0.0036109	0
261	0	731.19	0.11184	0	0	11.333	72.667	0	0.10272	0.0031249	2.7345	0.0035621	0
262	0	731.23	0.11178	0	0	11.381	72.619	0	0.10266	0.0030814	2.7376	0.0035142	0
263	0	731.28	0.11172	0	0	11.381	72.619	0	0.10261	0.0030391	2.7399	0.0034671	0
264	0	731.32	0.11165	0	0	11.429	72.571	0	0.10255	0.0029988	2.7417	0.0034213	0
265	0	731.36	0.11159	0	0	11.524	72.476	0	0.1025	0.0029595	2.7433	0.0033765	0
266	0	731.41	0.11153	0	0	11.429	72.571	0	0.10245	0.0029208	2.7442	0.0033328	0
267	0	731.45	0.11147	0	0	11.429	72.571	0	0.10239	0.0028834	2.7445	0.0032897	0
268	0	731.49	0.11141	0	0	11.429	72.571	0	0.10234	0.0028489	2.7443	0.0032477	0
269	0	731.53	0.11135	0	0	11.429	72.571	0	0.10229	0.0028132	2.7438	0.0032065	0
270	0	731.57	0.1113	0	0	11.571	72.429	0	0.10225	0.0027824	2.7428	0.0031667	0
271	0	731.61	0.11124	0	0	11.571	72.429	0	0.1022	0.0027506	2.7412	0.0031275	0
272	0	731.65	0.11118	0	0	11.667	72.333	0	0.10215	0.0027175	2.7393	0.0030892	0
273	0	731.69	0.11113	0	0	11.714	72.286	0	0.1021	0.0026856	2.7369	0.0030513	0
274	0	731.73	0.11107	0	0	11.762	72.238	0	0.10204	0.0026513	2.7342	0.0030139	0
275	0	731.77	0.11101	0	0	11.714	72.286	0	0.10199	0.002617	2.7309	0.0029768	0
276	0	731.81	0.11096	0	0	11.81	72.19	0	0.10194	0.0025831	2.7271	0.0029398	0
277	0	731.85	0.1109	0	0	11.952	72.048	0	0.10189	0.0025497	2.7233	0.0029034	0
278	0	731.88	0.11084	0	0	12.048	71.952	0	0.10184	0.0025167	2.7188	0.0028674	0
279	0	731.92	0.11079	0	0	12	72	0	0.10179	0.0024841	2.714	0.0028317	0
280	0	731.96	0.11073	0	0	12.143	71.857	0	0.10174	0.002452	2.7089	0.0027966	0
281	0	732	0.11068	0	0	12.19	71.81	0	0.10169	0.0024204	2.7036	0.0027619	0
282	0	732.03	0.11063	0	0	12.286	71.714	0	0.10164	0.0023894	2.698	0.0027276	0
283	0	732.07	0.11057	0	0	12.429	71.571	0	0.10159	0.0023586	2.6921	0.0026937	0
284	0	732.11	0.11052	0	0	12.571	71.429	0	0.10155	0.0023286	2.6858	0.0026602	0
285	0	732.14	0.11047	0	0	12.762	71.238	0	0.1015	0.002299	2.6793	0.0026271	0
286	0	732.18	0.11042	0	0	12.857	71.143	0	0.10146	0.00227	2.6727	0.0025948	0
287	0	732.21	0.11037	0	0	12.857	71.143	0	0.10141	0.0022418	2.6657	0.002563	0
288	0	732.25	0.11032	0	0	12.952	71.048	0	0.10137	0.0022141	2.6585	0.0025318	0
289	0	732.28	0.11027	0	0	13.048	70.952	0	0.10133	0.0021876	2.6512	0.0025013	0
290	0	732.32	0.11022	0	0	13.143	70.857	0	0.10128	0.0021619	2.6435	0.0024719	0
291	0	732.35	0.11018	0	0	13.238	70.762	0	0.10124	0.0021375	2.6356	0.0024435	0
292	0	732.39	0.11013	0	0	13.238	70.762	0	0.1012	0.0021143	2.6277	0.0024162	0
293	0	732.42	0.11008	0	0	13.381	70.619	0	0.10116	0.002093	2.6196	0.0023901	0
294	0	732.46	0.11004	0	0	13.524	70.476	0	0.10112	0.0020742	2.6112	0.0023657	0
295	0	732.49	0.11	0	0	13.667	70.333	0	0.10109	0.0020589	2.6028	0.0023435	0
296	0	732.52	0.10995	0	0	13.762	70.238	0	0.10105	0.0020479	2.5944	0.002324	0
297	0	732.56	0.10991	0	0	13.714	70.286	0	0.10102	0.0020413	2.5857	0.0023076	0
298	0	732.59	0.10988	0	0	13.857	70.143	0	0.10099	0.0020391	2.5771	0.0022943	0
299	0	732.63	0.10984	0	0	14	70	0	0.10096	0.0020408	2.5685	0.002284	0
300	0	732.66	0.1098	0	0	14	70	0	0.10093	0.0020453	2.5599	0.0022765	0
301	0	732.69	0.10977	0	0	14	70	0	0.10091	0.0020513	2.5514	0.0022708	0
302	0	732.72	0.10974	0	0	14	70	0	0.10089	0.0020555	2.5431	0.0022641	0
303	0	732.75	0.10971	0	0	14	70	0	0.10087	0.0020567	2.535	0.0022559	0
304	0	732.79	0.10968	0	0	14	70	0	0.10085	0.0020554	2.527	0.0022463	0
305	0	732.82	0.10966	0	0	14.048	69.952	0	0.10083	0.0020513	2.5191	0.0022353	0
306	0	732.85	0.10963	0	0	14.095	69.905	0	0.10081	0.0020443	2.5116	0.0022223	0
307	0	732.88	0.10961	0	0	14	70	0	0.1008	0.0020341	2.5042	0.0022066	0
308	0	732.91	0.10959	0	0	14.238	69.762	0	0.10078	0.0020218	2.4971	0.0021893	0
309	0	732.94	0.10957	0	0	14.286	69.714	0	0.10077	0.0020089	2.49	0.0021716	0
310	0	732.97	0.10955	0	0	14.381	69.619	0	0.10076	0.0019964	2.4832	0.0021543	0
311	0	733	0.10953	0	0	14.524	69.476	0	0.10075	0.0019846	2.4766	0.0021378	0
312	0	733.03	0.10951	0	0	14.571	69.429	0	0.10073	0.0019733	2.4703	0.0021222	0
313	0	733.05	0.10949	0	0	14.714	69.286	0	0.10071	0.001962	2.4639	0.0021069	0
314	0	733.08	0.10947	0	0	14.714	69.286	0	0.10069	0.001951	2.4578	0.0020924	0
315	0	733.11	0.10944	0	0	14.762	69.238	0	0.10067	0.0019397	2.4519	0.0020781	0
316	0	733.13	0.10942	0	0	14.81	69.19	0	0.10065	0.001928	2.4461	0.0020638	0
317	0	733.16	0.10939	0	0	15.095	68.905	0	0.10062	0.0019158	2.4405	0.0020498	0
318	0	733.19	0.10936	0	0	15.238	68.762	0	0.1006	0.0019035	2.4349	0.0020355	0
319	0	733.21	0.10933	0	0	15.333	68.667	0	0.10057	0.0018912	2.4294	0.0020214	0
320	0	733.24	0.10929	0	0	15.429	68.571	0	0.10054	0.0018787	2.424	0.0020075	0
321	0	733.26	0.10926	0	0	15.476	68.524	0	0.10051	0.0018658	2.4189	0.0019935	0
322	0	733.28	0.10923	0	0	15.524	68.476	0	0.10048	0.0018525	2.414	0.0019791	0
323	0	733.31	0.1092	0	0	15.571	68.429	0	0.10046	0.0018388	2.409	0.0019647	0
324	0	733.33	0.10917	0	0	15.524	68.476	0	0.10043	0.0018242	2.4045	0.00195	0
325	0	733.35	0.10914	0	0	15.667	68.333	0	0.1004	0.0018092	2.4	0.0019348	0
326	0	733.38	0.10911	0	0	15.81	68.19	0	0.10037	0.0017934	2.3955	0.0019192	0
327	0	733.4	0.10908	0	0	15.905	68.095	0	0.10035	0.0017774	2.3913	0.0019033	0
328	0	733.42	0.10905	0	0	16.048	67.952	0	0.10032	0.0017611	2.3871	0.0018871	0
329	0	733.45	0.10903	0	0	16.143	67.857	0	0.1003	0.0017445	2.383	0.0018706	0
330	0	733.47	0.109	0	0	16.238	67.762	0	0.10027	0.0017277	2.3791	0.0018541	0
331	0	733.49	0.10897	0	0	16.476	67.524	0	0.10025	0.0017109	2.3751	0.0018373	0
332	0	733.51	0.10894	0	0	16.524	67.476	0	0.10022	0.0016939	2.3712	0.0018204	0
333	0	733.53	0.10891	0	0	16.571	67.429	0	0.10019	0.0016769	2.3675	0.0018036	0
334	0	733.55	0.10889	0	0	16.619	67.381	0	0.10017	0.00166	2.3639	0.0017866	0
335	0	733.58	0.10886	0	0	16.619	67.381	0	0.10015	0.0016434	2.3603	0.0017699	0
336	0	733.6	0.10883	0	0	16.667	67.333	0	0.10012	0.0016269	2.3566	0.0017532	0
337	0	733.62	0.10881	0	0	16.619	67.381	0	0.1001	0.0016109	2.3533	0.0017367	0
338	0	733.64	0.10878	0	0	16.81	67.19	0	0.10008	0.0015953	2.3497	0.0017206	0
339	0	733.66	0.10876	0	0	16.905	67.095	0	0.10005	0.0015799	2.3463	0.0017045	0
340	0	733.68	0.10873	0	0	16.952	67.048	0	0.10003	0.001565	2.3429	0.0016889	0
341	0	733.7	0.10871	0	0	16.952	67.048	0	0.10001	0.0015506	2.3396	0.0016734	0
342	0	733.72	0.10868	0	0	17.048	66.952	0	0.09999	0.0015366	2.3363	0.0016583	0
343	0	733.74	0.10866	0	0	17.143	66.857	0	0.09997	0.0015227	2.3328	0.0016435	0
344	0	733.76	0.10864	0	0	17.143	66.857	0	0.099949	0.0015093	2.3296	0.0016289	0
345	0	733.78	0.10861	0	0	17.19	66.81	0	0.099928	0.0014958	2.3261	0.0016146	0
346	0	733.8	0.10859	0	0	17.19	66.81	0	0.099908	0.0014825	2.3228	0.0016003	0
347	0	733.82	0.10857	0	0	17.238	66.762	0	0.099887	0.001469	2.3193	0.001586	0
348	0	733.84	0.10855	0	0	17.333	66.667	0	0.099866	0.0014554	2.316	0.0015719	0
349	0	733.86	0.10852	0	0	17.333	66.667	0	0.099846	0.0014416	2.3123	0.0015576	0
350	0	733.88	0.1085	0	0	17.429	66.571	0	0.099825	0.0014275	2.3089	0.0015431	0
351	0	733.9	0.10848	0	0	17.524	66.476	0	0.099804	0.0014134	2.3055	0.0015285	0
352	0	733.92	0.10845	0	0	17.571	66.429	0	0.099784	0.001399	2.3019	0.0015139	0
353	0	733.94	0.10843	0	0	17.476	66.524	0	0.099763	0.0013846	2.2985	0.0014991	0
354	0	733.96	0.10841	0	0	17.524	66.476	0	0.099743	0.0013701	2.2949	0.0014842	0
355	0	733.97	0.10839	0	0	17.571	66.429	0	0.099723	0.0013555	2.2915	0.0014693	0
356	0	733.99	0.10837	0	0	17.714	66.286	0	0.099704	0.0013411	2.2878	0.0014543	0
357	0	734.01	0.10835	0	0	17.762	66.238	0	0.099686	0.0013276	2.2842	0.0014397	0
358	0	734.03	0.10833	0	0	17.762	66.238	0	0.099672	0.0013157	2.2807	0.0014256	0
359	0	734.05	0.10831	0	0	17.81	66.19	0	0.099663	0.0013065	2.277	0.0014132	0
360	0	734.07	0.1083	0	0	17.905	66.095	0	0.099659	0.0013012	2.2734	0.0014029	0
361	0	734.09	0.10829	0	0	18	66	0	0.099661	0.0013015	2.2697	0.0013957	0
362	0	734.1	0.10829	0	0	18.143	65.857	0	0.099667	0.0013081	2.2659	0.0013924	0
363	0	734.12	0.10829	0	0	18.095	65.905	0	0.099672	0.0013199	2.2621	0.0013927	0
364	0	734.14	0.10828	0	0	18.143	65.857	0	0.099677	0.0013354	2.2585	0.0013963	0
365	0	734.16	0.10828	0	0	18.143	65.857	0	0.099679	0.0013522	2.2551	0.0014023	0
366	0	734.18	0.10828	0	0	18.143	65.857	0	0.099677	0.0013678	2.2518	0.0014089	0
367	0	734.2	0.10827	0	0	18	66	0	0.099673	0.0013807	2.2486	0.001415	0
368	0	734.21	0.10826	0	0	18.19	65.81	0	0.099665	0.00139	2.2457	0.0014197	0
369	0	734.23	0.10825	0	0	18.333	65.667	0	0.099659	0.0013945	2.243	0.0014221	0
370	0	734.25	0.10824	0	0	18.476	65.524	0	0.099658	0.0013952	2.2404	0.0014222	0
371	0	734.26	0.10824	0	0	18.524	65.476	0	0.099662	0.0013954	2.2383	0.0014199	0
372	0	734.28	0.10823	0	0	18.571	65.429	0	0.09967	0.0014007	2.2362	0.0014175	0
373	0	734.3	0.10823	0	0	18.524	65.476	0	0.099678	0.0014128	2.2344	0.001417	0
374	0	734.31	0.10823	0	0	18.476	65.524	0	0.099685	0.0014301	2.2326	0.0014194	0
375	0	734.33	0.10823	0	0	18.476	65.524	0	0.099688	0.00145	2.2307	0.0014243	0
376	0	734.35	0.10823	0	0	18.476	65.524	0	0.099687	0.0014672	2.2286	0.0014304	0
377	0	734.36	0.10822	0	0	18.476	65.524	0	0.09968	0.00148	2.2266	0.0014358	0
378	0	734.38	0.10821	0	0	18.524	65.476	0	0.099671	0.001488	2.2242	0.0014399	0
379	0	734.39	0.1082	0	0	18.571	65.429	0	0.099657	0.0014898	2.222	0.0014417	0
380	0	734.4	0.10819	0	0	18.667	65.333	0	0.09964	0.0014867	2.2195	0.0014407	0
381	0	734.42	0.10817	0	0	18.667	65.333	0	0.099621	0.0014791	2.217	0.0014375	0
382	0	734.43	0.10815	0	0	18.762	65.238	0	0.099601	0.0014684	2.2146	0.0014317	0
383	0	734.44	0.10814	0	0	18.714	65.286	0	0.099579	0.0014555	2.2119	0.0014243	0
384	0	734.46	0.10812	0	0	18.714	65.286	0	0.099557	0.0014414	2.2095	0.0014156	0
385	0	734.47	0.1081	0	0	18.667	65.333	0	0.099535	0.0014268	2.2069	0.001406	0
386	0	734.48	0.10807	0	0	18.619	65.381	0	0.099513	0.0014117	2.2045	0.0013959	0
387	0	734.49	0.10806	0	0	18.571	65.429	0	0.099491	0.0013967	2.2021	0.0013854	0
388	0	734.51	0.10804	0	0	18.524	65.476	0	0.099471	0.0013814	2.1999	0.0013746	0
389	0	734.52	0.10802	0	0	18.524	65.476	0	0.099451	0.0013663	2.1976	0.0013636	0
390	0	734.53	0.108	0	0	18.476	65.524	0	0.099432	0.001351	2.1956	0.0013524	0
391	0	734.54	0.10798	0	0	18.571	65.429	0	0.099414	0.0013359	2.1935	0.0013411	0
392	0	734.55	0.10796	0	0	18.619	65.381	0	0.099396	0.0013211	2.1916	0.0013298	0
393	0	734.57	0.10794	0	0	18.619	65.381	0	0.099379	0.0013067	2.1899	0.0013184	0
394	0	734.58	0.10793	0	0	18.476	65.524	0	0.099362	0.0012925	2.1881	0.001307	0
395	0	734.59	0.10791	0	0	18.714	65.286	0	0.099346	0.001279	2.1865	0.0012959	0
396	0	734.6	0.1079	0	0	18.667	65.333	0	0.099353	0.0012554	2.185	0.0012816	0
397	0	734.61	0.10793	0	0	18.619	65.381	0	0.099459	0.001328	2.1835	0.0012654	0
398	0	734.63	0.10797	0	0	18.714	65.286	0	0.09953	0.0015039	2.1822	0.0012957	0
399	0	734.64	0.10799	0	0	18.714	65.286	0	0.099554	0.0016055	2.1809	0.0013399	0
400	0	734.65	0.10802	0	0	18.81	65.19	0	0.09958	0.0017203	2.1796	0.0014024	0
401	0	734.66	0.10804	0	0	18.952	65.048	0	0.099636	0.0019496	2.178	0.0014968	0
402	0	734.67	0.10807	0	0	19.095	64.905	0	0.099674	0.0021278	2.1767	0.0016037	0
403	0	734.68	0.10809	0	0	19.048	64.952	0	0.099689	0.0022184	2.175	0.0016869	0
404	0	734.69	0.10811	0	0	19.143	64.857	0	0.099712	0.0023422	2.1734	0.0017773	0
405	0	734.7	0.10811	0	0	19.286	64.714	0	0.099695	0.0023055	2.1718	0.0018137	0
406	0	734.71	0.10811	0	0	19.381	64.619	0	0.099687	0.0023001	2.1702	0.00184	0
407	0	734.72	0.1081	0	0	19.381	64.619	0	0.099658	0.002218	2.1684	0.0018333	0
408	0	734.73	0.10808	0	0	19.476	64.524	0	0.099628	0.0021273	2.1667	0.0018055	0
409	0	734.73	0.10806	0	0	19.571	64.429	0	0.099606	0.0020728	2.1652	0.0017815	0
410	0	734.74	0.10805	0	0	19.81	64.19	0	0.099582	0.0020128	2.1637	0.0017559	0
411	0	734.75	0.10803	0	0	19.857	64.143	0	0.099564	0.0019726	2.1626	0.0017334	0
412	0	734.75	0.10801	0	0	19.905	64.095	0	0.099542	0.0019222	2.1615	0.0017086	0
413	0	734.76	0.108	0	0	19.857	64.143	0	0.099522	0.0018813	2.1607	0.0016865	0
414	0	734.77	0.10798	0	0	20	64	0	0.099496	0.0018202	2.1602	0.0016574	0
415	0	734.77	0.10796	0	0	19.905	64.095	0	0.099473	0.0017723	2.1599	0.00163	0
416	0	734.78	0.10794	0	0	20	64	0	0.099452	0.0017314	2.16	0.0016051	0
417	0	734.79	0.10793	0	0	20.048	63.952	0	0.099432	0.0016959	2.1602	0.0015826	0
418	0	734.79	0.10791	0	0	19.952	64.048	0	0.099413	0.0016647	2.1608	0.0015626	0
419	0	734.8	0.10789	0	0	20.048	63.952	0	0.099395	0.0016371	2.1616	0.0015447	0
420	0	734.8	0.10788	0	0	20.143	63.857	0	0.099378	0.0016128	2.1625	0.0015288	0
421	0	734.81	0.10786	0	0	20.048	63.952	0	0.099362	0.0015912	2.1637	0.0015146	0
422	0	734.82	0.10785	0	0	20	64	0	0.099346	0.001572	2.1651	0.0015017	0
423	0	734.82	0.10784	0	0	20.095	63.905	0	0.09933	0.0015547	2.1667	0.0014902	0
424	0	734.83	0.10782	0	0	20.095	63.905	0	0.099315	0.0015386	2.1685	0.0014795	0
425	0	734.83	0.10781	0	0	20.048	63.952	0	0.099301	0.0015237	2.1705	0.0014697	0
426	0	734.84	0.10779	0	0	20.095	63.905	0	0.099288	0.0015099	2.1726	0.0014605	0
427	0	734.85	0.10778	0	0	20.143	63.857	0	0.099275	0.0014967	2.175	0.0014517	0
428	0	734.85	0.10777	0	0	20.286	63.714	0	0.099263	0.0014846	2.1773	0.0014438	0
429	0	734.86	0.10776	0	0	20.381	63.619	0	0.099252	0.0014741	2.1799	0.0014367	0
430	0	734.87	0.10775	0	0	20.476	63.524	0	0.099242	0.0014657	2.1825	0.0014312	0
431	0	734.87	0.10774	0	0	20.333	63.667	0	0.099233	0.0014602	2.1851	0.0014272	0
432	0	734.88	0.10773	0	0	20.286	63.714	0	0.099225	0.001457	2.1878	0.0014253	0
433	0	734.89	0.10772	0	0	20.286	63.714	0	0.099217	0.0014562	2.1905	0.0014249	0
434	0	734.89	0.10771	0	0	20.333	63.667	0	0.09921	0.0014572	2.1932	0.0014261	0
435	0	734.9	0.1077	0	0	20.19	63.81	0	0.099203	0.0014594	2.1958	0.0014283	0
436	0	734.91	0.1077	0	0	20.19	63.81	0	0.099195	0.0014622	2.1988	0.0014313	0
437	0	734.91	0.10769	0	0	20.095	63.905	0	0.099187	0.0014645	2.2013	0.0014343	0
438	0	734.92	0.10768	0	0	20.143	63.857	0	0.099179	0.0014662	2.2039	0.0014371	0
439	0	734.93	0.10767	0	0	20.095	63.905	0	0.09917	0.0014667	2.2065	0.0014391	0
440	0	734.93	0.10766	0	0	20.095	63.905	0	0.099162	0.0014657	2.209	0.0014404	0
441	0	734.94	0.10766	0	0	20.143	63.857	0	0.099154	0.0014631	2.2116	0.0014405	0
442	0	734.95	0.10765	0	0	20.143	63.857	0	0.099146	0.0014588	2.214	0.0014393	0
443	0	734.95	0.10764	0	0	20.19	63.81	0	0.099138	0.0014531	2.2163	0.001437	0
444	0	734.96	0.10763	0	0	20.19	63.81	0	0.09913	0.0014466	2.2184	0.0014337	0
445	0	734.97	0.10762	0	0	20.238	63.762	0	0.099123	0.0014393	2.2207	0.0014295	0
446	0	734.98	0.10762	0	0	20.238	63.762	0	0.099116	0.0014314	2.2227	0.0014245	0
447	0	734.98	0.10761	0	0	20.238	63.762	0	0.099109	0.0014235	2.2245	0.0014192	0
448	0	734.99	0.1076	0	0	20.286	63.714	0	0.099101	0.0014153	2.2264	0.0014134	0
449	0	735	0.10759	0	0	20.333	63.667	0	0.099093	0.001407	2.2282	0.0014074	0
450	0	735	0.10758	0	0	20.381	63.619	0	0.099084	0.0013989	2.2297	0.0014014	0
451	0	735.01	0.10757	0	0	20.524	63.476	0	0.099075	0.0013909	2.2312	0.0013952	0
452	0	735.02	0.10756	0	0	20.571	63.429	0	0.099065	0.0013832	2.2325	0.0013894	0
453	0	735.02	0.10755	0	0	20.667	63.333	0	0.099055	0.0013755	2.2338	0.0013834	0
454	0	735.03	0.10754	0	0	20.619	63.381	0	0.099044	0.0013683	2.2349	0.0013777	0
455	0	735.04	0.10753	0	0	20.619	63.381	0	0.099033	0.0013613	2.236	0.001372	0
456	0	735.04	0.10752	0	0	20.667	63.333	0	0.099022	0.0013543	2.237	0.0013665	0
457	0	735.05	0.10751	0	0	20.81	63.19	0	0.099011	0.0013474	2.2377	0.0013611	0
458	0	735.06	0.10771	0	0	20.81	63.19	0	0.099235	0.0016196	2.2386	0.001533	0
459	0	735.06	0.10827	0	0	20.857	63.143	0	0.099933	0.0043789	2.2395	0.0036298	0
460	0	735.07	0.10896	0	0	20.952	63.048	0	0.10072	0.0079306	2.2402	0.0066966	0
461	0	735.08	0.10975	0	0	21.095	62.905	0	0.10155	0.011761	2.2401	0.010334	0
462	0	735.08	0.11015	0	0	21.048	62.952	0	0.10181	0.013015	2.239	0.012208	0
463	0	735.09	0.11059	0	0	21.143	62.857	0	0.10222	0.014909	2.2357	0.014244	0
464	0	735.09	0.11092	0	0	21.143	62.857	0	0.1025	0.016233	2.2306	0.015792	0
465	0	735.09	0.11103	0	0	21.238	62.762	0	0.10253	0.016419	2.2239	0.016353	0
466	0	735.09	0.11106	0	0	21.381	62.619	0	0.10251	0.016342	2.2158	0.016514	0
467	0	735.09	0.11098	0	0	21.429	62.571	0	0.10239	0.015848	2.2068	0.01621	0
468	0	735.08	0.1108	0	0	21.476	62.524	0	0.10216	0.014816	2.1974	0.0154	0
469	0	735.08	0.11054	0	0	21.524	62.476	0	0.10187	0.013514	2.1884	0.01427	0
470	0	735.07	0.11029	0	0	21.524	62.476	0	0.1016	0.012271	2.1803	0.013151	0
471	0	735.06	0.11008	0	0	21.476	62.524	0	0.10143	0.01147	2.174	0.01219	0
472	0	735.05	0.10983	0	0	21.476	62.524	0	0.10117	0.01024	2.17	0.011062	0
473	0	735.04	0.10964	0	0	21.524	62.476	0	0.101	0.009413	2.1687	0.010172	0
474	0	735.03	0.10945	0	0	21.571	62.429	0	0.10083	0.0085581	2.1705	0.0092915	0
475	0	735.02	0.1093	0	0	21.524	62.476	0	0.1007	0.0078602	2.1753	0.0085529	0
476	0	735.01	0.10919	0	0	21.524	62.476	0	0.10061	0.0073217	2.1834	0.0079589	0
477	0	735	0.1091	0	0	21.524	62.476	0	0.10054	0.0068923	2.1943	0.0074836	0
478	0	734.99	0.10903	0	0	21.429	62.571	0	0.10048	0.006545	2.2083	0.0071023	0
479	0	734.98	0.10898	0	0	21.429	62.571	0	0.10044	0.0062578	2.2247	0.0067927	0
480	0	734.97	0.10894	0	0	21.476	62.524	0	0.10041	0.006015	2.2432	0.0065377	0
481	0	734.96	0.10891	0	0	21.571	62.429	0	0.10039	0.0058076	2.2638	0.0063235	0
482	0	734.95	0.10889	0	0	21.429	62.571	0	0.10037	0.0056256	2.2859	0.0061399	0
483	0	734.94	0.10887	0	0	21.524	62.476	0	0.10035	0.0054634	2.3093	0.0059794	0
484	0	734.93	0.10885	0	0	21.524	62.476	0	0.10033	0.0053158	2.3338	0.0058365	0
485	0	734.92	0.10883	0	0	21.524	62.476	0	0.10031	0.0051818	2.359	0.0057068	0
486	0	734.91	0.10882	0	0	21.524	62.476	0	0.10029	0.0050589	2.3849	0.0055876	0
487	0	734.9	0.1088	0	0	21.333	62.667	0	0.10028	0.0049434	2.4111	0.0054763	0
488	0	734.89	0.10878	0	0	21.238	62.762	0	0.10026	0.0048346	2.4377	0.0053716	0
489	0	734.88	0.10877	0	0	21.333	62.667	0	0.10024	0.0047326	2.4643	0.0052723	0
490	0	734.87	0.10876	0	0	21.381	62.619	0	0.10023	0.0046358	2.4907	0.0051778	0
491	0	734.87	0.10874	0	0	21.476	62.524	0	0.10021	0.0045437	2.5169	0.0050873	0
492	0	734.86	0.10873	0	0	21.619	62.381	0	0.10019	0.0044555	2.5427	0.0050006	0
493	0	734.85	0.10871	0	0	21.619	62.381	0	0.10017	0.004371	2.5678	0.0049173	0
494	0	734.84	0.10869	0	0	21.619	62.381	0	0.10015	0.0042903	2.5923	0.0048369	0
495	0	734.83	0.10867	0	0	21.524	62.476	0	0.10012	0.0042123	2.6161	0.0047594	0
496	0	734.83	0.10865	0	0	21.571	62.429	0	0.10009	0.0041378	2.6386	0.0046846	0
497	0	734.82	0.10862	0	0	21.476	62.524	0	0.10007	0.0040661	2.6606	0.0046123	0
498	0	734.81	0.1086	0	0	21.667	62.333	0	0.10004	0.0039973	2.6818	0.0045421	0
499	0	734.81	0.10858	0	0	21.619	62.381	0	0.10002	0.0039313	2.7018	0.0044745	0
500	0	734.8	0.10856	0	0	21.667	62.333	0	0.09999	0.0038681	2.7208	0.0044086	0
501	0	734.79	0.10853	0	0	21.81	62.19	0	0.099965	0.0038071	2.7391	0.0043448	0
502	0	734.79	0.10851	0	0	22.048	61.952	0	0.099939	0.0037475	2.7564	0.0042828	0
503	0	734.78	0.10849	0	0	22.048	61.952	0	0.099914	0.0036899	2.7729	0.0042218	0
504	0	734.78	0.10846	0	0	22.048	61.952	0	0.099889	0.0036339	2.7885	0.0041626	0
505	0	734.77	0.10844	0	0	22	62	0	0.099864	0.0035797	2.8032	0.004105	0
506	0	734.77	0.10842	0	0	22.095	61.905	0	0.099839	0.0035275	2.8169	0.0040484	0
507	0	734.77	0.10839	0	0	22.095	61.905	0	0.099816	0.0034776	2.8299	0.0039937	0
508	0	734.77	0.10837	0	0	22.048	61.952	0	0.099795	0.0034308	2.8419	0.003941	0
509	0	734.76	0.10835	0	0	22.095	61.905	0	0.099775	0.0033861	2.8532	0.0038903	0
510	0	734.76	0.10833	0	0	21.952	62.048	0	0.099757	0.0033434	2.8638	0.0038413	0
511	0	734.76	0.10832	0	0	22	62	0	0.09974	0.0033036	2.8735	0.0037944	0
512	0	734.76	0.1083	0	0	22	62	0	0.099725	0.0032666	2.8825	0.0037498	0
513	0	734.76	0.10828	0	0	22	62	0	0.099712	0.003232	2.8909	0.0037068	0
514	0	734.76	0.10827	0	0	22	62	0	0.099699	0.0031991	2.8984	0.0036658	0
515	0	734.76	0.10826	0	0	22.048	61.952	0	0.099688	0.0031682	2.9055	0.0036264	0
516	0	734.76	0.10824	0	0	22	62	0	0.099678	0.0031388	2.9115	0.0035882	0
517	0	734.76	0.10823	0	0	22.238	61.762	0	0.099667	0.0031098	2.9175	0.0035509	0
518	0	734.76	0.10822	0	0	22.333	61.667	0	0.099659	0.0030804	2.9225	0.0035143	0
519	0	734.76	0.10822	0	0	22.333	61.667	0	0.099675	0.0030437	2.927	0.0034754	0
520	0	734.76	0.10822	0	0	22.333	61.667	0	0.099699	0.0030117	2.9309	0.0034358	0
521	0	734.76	0.10824	0	0	22.381	61.619	0	0.099765	0.003011	2.9342	0.0033965	0
522	0	734.76	0.10826	0	0	22.333	61.667	0	0.099831	0.0030556	2.9371	0.0033658	0
523	0	734.77	0.10828	0	0	22.381	61.619	0	0.099866	0.0030895	2.9392	0.0033419	0
524	0	734.77	0.10831	0	0	22.286	61.714	0	0.099941	0.0032103	2.9409	0.0033319	0
525	0	734.77	0.10834	0	0	22.19	61.81	0	0.1	0.0033424	2.9421	0.0033346	0
526	0	734.77	0.10836	0	0	22.19	61.81	0	0.10001	0.0033459	2.9422	0.0033265	0
527	0	734.77	0.10837	0	0	22.333	61.667	0	0.10002	0.0033641	2.942	0.0033154	0
528	0	734.78	0.10837	0	0	22.333	61.667	0	0.10002	0.0033747	2.941	0.0033018	0
529	0	734.78	0.10838	0	0	22.286	61.714	0	0.10003	0.0033943	2.9393	0.0032881	0
530	0	734.78	0.10838	0	0	22.333	61.667	0	0.10003	0.0033719	2.9369	0.0032676	0
531	0	734.78	0.10837	0	0	22.286	61.714	0	0.10001	0.0033177	2.9337	0.0032368	0
532	0	734.78	0.10836	0	0	22.333	61.667	0	0.099987	0.0032544	2.93	0.0032004	0
533	0	734.78	0.10835	0	0	22.333	61.667	0	0.099961	0.0031827	2.9255	0.0031591	0
534	0	734.79	0.10833	0	0	22.238	61.762	0	0.099939	0.0031234	2.9206	0.0031181	0
535	0	734.79	0.10832	0	0	22.381	61.619	0	0.099922	0.0030762	2.9149	0.0030792	0
536	0	734.79	0.10831	0	0	22.429	61.571	0	0.099907	0.0030339	2.9089	0.0030423	0
537	0	734.79	0.10829	0	0	22.286	61.714	0	0.099888	0.0029795	2.9022	0.0030038	0
538	0	734.79	0.10828	0	0	22.333	61.667	0	0.099866	0.002917	2.8952	0.002963	0
539	0	734.79	0.10826	0	0	22.429	61.571	0	0.099842	0.002844	2.8876	0.0029188	0
540	0	734.79	0.10825	0	0	22.429	61.571	0	0.099822	0.0027796	2.8797	0.0028756	0
541	0	734.79	0.10824	0	0	22.429	61.571	0	0.099803	0.0027217	2.8714	0.0028334	0
542	0	734.8	0.10822	0	0	22.429	61.571	0	0.099787	0.0026693	2.863	0.0027932	0
543	0	734.8	0.10821	0	0	22.333	61.667	0	0.099772	0.0026219	2.8538	0.0027547	0
544	0	734.8	0.1082	0	0	22.381	61.619	0	0.099759	0.0025789	2.8446	0.0027184	0
545	0	734.8	0.10819	0	0	22.286	61.714	0	0.099748	0.0025399	2.8349	0.0026836	0
546	0	734.8	0.10818	0	0	22.238	61.762	0	0.099736	0.0025043	2.8248	0.0026507	0
547	0	734.8	0.10817	0	0	22.286	61.714	0	0.099724	0.0024717	2.8144	0.0026193	0
548	0	734.81	0.10816	0	0	22.286	61.714	0	0.099713	0.0024417	2.8037	0.0025894	0
549	0	734.81	0.10815	0	0	22.286	61.714	0	0.099704	0.0024143	2.7926	0.0025616	0
550	0	734.81	0.10817	0	0	22.333	61.667	0	0.099727	0.0024027	2.7814	0.0025481	0
551	0	734.81	0.10822	0	0	22.381	61.619	0	0.099775	0.0024283	2.7698	0.0025676	0
552	0	734.81	0.10827	0	0	22.429	61.571	0	0.099827	0.0024947	2.7582	0.0026293	0
553	0	734.82	0.10834	0	0	22.381	61.619	0	0.099885	0.0026088	2.7465	0.0027404	0
554	0	734.82	0.1084	0	0	22.381	61.619	0	0.099943	0.0027587	2.7356	0.0028897	0
555	0	734.82	0.10843	0	0	22.381	61.619	0	0.099966	0.0028428	2.7253	0.0029907	0
556	0	734.82	0.10844	0	0	22.429	61.571	0	0.099969	0.002875	2.7161	0.0030408	0
557	0	734.82	0.10845	0	0	22.571	61.429	0	0.099963	0.0028887	2.7083	0.0030674	0
558	0	734.82	0.10846	0	0	22.714	61.286	0	0.099971	0.0029455	2.7014	0.003122	0
559	0	734.82	0.10846	0	0	22.762	61.238	0	0.099965	0.0029606	2.6958	0.0031441	0
560	0	734.82	0.10845	0	0	22.81	61.19	0	0.099951	0.0029551	2.6908	0.0031441	0
561	0	734.81	0.10843	0	0	22.81	61.19	0	0.099928	0.0029207	2.6869	0.0031168	0
562	0	734.81	0.10842	0	0	22.857	61.143	0	0.099912	0.0029068	2.684	0.0031024	0
563	0	734.81	0.10841	0	0	22.762	61.238	0	0.099904	0.0029194	2.6819	0.0031123	0
564	0	734.81	0.1084	0	0	22.667	61.333	0	0.099888	0.0029078	2.6805	0.0031032	0
565	0	734.81	0.10838	0	0	22.619	61.381	0	0.099869	0.0028815	2.6796	0.0030812	0
566	0	734.8	0.10836	0	0	22.571	61.429	0	0.09985	0.0028586	2.6796	0.0030604	0
567	0	734.8	0.10835	0	0	22.667	61.333	0	0.09984	0.0028617	2.6801	0.0030631	0
568	0	734.8	0.10835	0	0	22.762	61.238	0	0.099837	0.0028907	2.6812	0.003091	0
569	0	734.8	0.10835	0	0	22.905	61.095	0	0.09983	0.0029024	2.6825	0.0031058	0
570	0	734.8	0.10834	0	0	22.952	61.048	0	0.099815	0.002887	2.6844	0.0030983	0
571	0	734.8	0.10832	0	0	23.048	60.952	0	0.099801	0.0028764	2.687	0.0030915	0
572	0	734.8	0.10831	0	0	23.095	60.905	0	0.099787	0.0028632	2.6901	0.0030812	0
573	0	734.79	0.1083	0	0	23.286	60.714	0	0.099774	0.0028506	2.6936	0.0030709	0
574	0	734.79	0.10829	0	0	23.286	60.714	0	0.099761	0.0028385	2.6978	0.0030612	0
575	0	734.79	0.10828	0	0	23.286	60.714	0	0.099748	0.0028277	2.7022	0.0030527	0
576	0	734.79	0.10827	0	0	23.429	60.571	0	0.099735	0.0028182	2.707	0.0030455	0
577	0	734.79	0.10826	0	0	23.381	60.619	0	0.099727	0.002825	2.7119	0.003055	0
578	0	734.79	0.10826	0	0	23.476	60.524	0	0.099729	0.0028629	2.7175	0.0030938	0
579	0	734.79	0.10827	0	0	23.524	60.476	0	0.099736	0.0029213	2.7229	0.0031554	0
580	0	734.79	0.10833	0	0	23.619	60.381	0	0.099927	0.003065	2.7284	0.0032177	0
581	0	734.79	0.10866	0	0	23.619	60.381	0	0.10087	0.0057569	2.7344	0.003552	0
582	0	734.79	0.10942	0	0	23.714	60.286	0	0.10268	0.013245	2.7414	0.0056199	0
583	0	734.79	0.11042	0	0	23.667	60.333	0	0.10474	0.02224	2.7509	0.0094441	0
584	0	734.79	0.11114	0	0	23.714	60.286	0	0.10553	0.025644	2.7623	0.012399	0
585	0	734.79	0.11184	0	0	23.905	60.095	0	0.10672	0.030855	2.7764	0.015287	0
586	0	734.79	0.11251	0	0	23.952	60.048	0	0.10769	0.035021	2.7925	0.018035	0
587	0	734.78	0.11321	0	0	24	60	0	0.10873	0.039525	2.8113	0.020908	0
588	0	734.78	0.1137	0	0	24	60	0	0.10921	0.04146	2.8325	0.022851	0
589	0	734.77	0.11425	0	0	24.143	59.857	0	0.11	0.044823	2.8564	0.025051	0
590	0	734.75	0.11434	0	0	24.143	59.857	0	0.10938	0.041653	2.8827	0.025193	0
591	0	734.74	0.1144	0	0	24.238	59.762	0	0.10917	0.040089	2.9122	0.025118	0
592	0	734.72	0.11405	0	0	24.381	59.619	0	0.10785	0.033533	2.9449	0.02312	0
593	0	734.7	0.11375	0	0	24.286	59.714	0	0.10717	0.029936	2.9817	0.021368	0
594	0	734.68	0.11334	0	0	24.286	59.714	0	0.10616	0.02517	3.0222	0.019233	0
595	0	734.66	0.11294	0	0	24.286	59.714	0	0.10548	0.021906	3.0661	0.017315	0
596	0	734.63	0.11264	0	0	24.476	59.524	0	0.10505	0.019828	3.1128	0.015861	0
597	0	734.61	0.1123	0	0	24.429	59.571	0	0.10443	0.017002	3.1613	0.014326	0
598	0	734.58	0.11204	0	0	24.476	59.524	0	0.10405	0.01522	3.2115	0.013115	0
599	0	734.55	0.11183	0	0	24.619	59.381	0	0.10378	0.013918	3.2624	0.012163	0
600	0	734.52	0.11167	0	0	24.524	59.476	0	0.10359	0.012935	3.3141	0.011422	0
