1	0	810.54	0.17709	0	0	61.735	22.265	0	0.1711	0.080398	14.542	0.059434	0
2	0	810.5	0.17927	0	0	61.676	22.324	0	0.17198	0.080243	14.611	0.065014	0
3	0	810.45	0.18048	0	0	61.662	22.338	0	0.17173	0.075636	14.68	0.067497	0
4	0	810.4	0.18091	0	0	61.632	22.368	0	0.17071	0.068283	14.749	0.067491	0
5	0	810.34	0.18312	0	0	61.618	22.382	0	0.17416	0.070081	14.818	0.068526	0
6	0	810.27	0.18663	0	0	61.676	22.324	0	0.1792	0.07845	14.888	0.071334	0
7	0	810.2	0.19078	0	0	61.676	22.324	0	0.1852	0.091168	14.957	0.076834	0
8	0	810.11	0.19585	0	0	61.662	22.338	0	0.19733	0.1132	15.023	0.083364	0
9	0	810.03	0.20793	0	0	61.75	22.25	0	0.23521	0.23891	15.093	0.10258	0
10	0	809.94	0.22989	0	0	61.721	22.279	0	0.30059	0.39486	15.174	0.1502	0
11	1.2834	794.85	22.796	5.7941	0.058824	55.941	22.206	0.76025	0.74122	0.6326	21.129	16.435	3.6342
12	2.4136	735.29	54.9	12.279	0.13235	49.309	22.279	0.58836	1.8116	0.68141	30.525	14.6	3.6149
13	2.7122	664.04	64.221	15.485	0.25	45.824	22.441	0.48336	2.6039	0.72074	33.167	11.776	3.2912
14	2.6635	598.91	64.15	16.868	0.47059	43.456	23.206	0.40021	3.1315	0.80896	32.559	9.9818	3.2202
15	2.578	542.25	62.847	17.574	1.1471	39.25	26.029	0.36961	3.508	0.82136	31.307	9.2509	3.3882
16	2.3288	494.65	57.427	15.147	3.3529	33.279	32.221	0.31798	3.6597	0.77419	29.462	7.7635	3.9475
17	1.9699	457.55	49.014	11.162	5.5735	23.015	44.25	0.34781	3.5135	0.61433	26.11	8.116	5.0132
18	1.6013	429.47	40.346	6.7059	7.5882	13.868	55.838	0.35545	3.2354	0.55135	23.432	8.2715	4.8417
19	1.2477	410.36	31.718	3.5	7.9853	7.3382	65.176	0.37433	2.7997	0.51573	21.455	8.6622	4.3193
20	0.93319	398.08	24.065	1.9559	6.7353	3.7206	71.588	0.3047	2.3603	0.4628	20.246	7.0376	3.2279
21	0.67039	390.83	17.843	0.95588	5.3235	1.6618	76.059	0.26461	1.9784	0.43326	19.688	6.1262	2.6195
22	0.50009	387.68	13.528	0.41176	4.2941	0.77941	78.515	0.24424	1.644	0.38791	20.074	5.5356	2.3518
23	0.36817	387.03	10.256	0.27941	3.1618	0.45588	80.103	0.20565	1.392	0.35738	20.873	4.7227	1.9809
24	0.28102	388.13	8.053	0.073529	2.5441	0.23529	81.147	0.20342	1.1984	0.34172	21.557	4.541	1.8985
25	0.22605	390.31	6.5386	0.073529	2.0147	0.014706	81.897	0.15913	1.0447	0.29297	22.108	3.6006	1.4944
26	0.15904	393.52	4.9605	0.073529	1.3971	0.014706	82.515	0.14411	0.91653	0.26134	22.987	3.1516	1.3763
27	0.13731	397.4	4.2007	0.058824	1.1912	0.014706	82.735	0.12583	0.81887	0.24175	24.005	2.8064	1.1608
28	0.11967	401.48	3.6721	0.014706	1.0588	0.014706	82.912	0.1204	0.74868	0.2216	24.533	2.5881	1.0703
29	0.10976	405.73	3.3321	0.014706	0.95588	0.029412	83	0.12093	0.69286	0.20899	24.971	2.5676	1.0499
30	0.11459	409.89	3.3271	0.014706	1	0.014706	82.971	0.13042	0.65872	0.21121	25.669	2.8138	1.1524
31	0.093976	414.2	2.8991	0.014706	0.80882	0.029412	83.147	0.121	0.62087	0.20288	26.246	2.6612	1.0615
32	0.087442	418.75	2.6615	0.014706	0.75	0.058824	83.176	0.11758	0.58574	0.19633	26.889	2.5821	1.0491
33	0.083803	423.26	2.5314	0.029412	0.69118	0.044118	83.235	0.1126	0.56038	0.19402	27.568	2.4892	0.96549
34	0.056101	427.95	2.0133	0.014706	0.47059	0.073529	83.441	0.087411	0.53129	0.18801	28.205	2.0337	0.77196
35	0.058527	432.87	1.9371	0.029412	0.47059	0.014706	83.485	0.10191	0.50501	0.18002	28.808	2.2318	0.87146
36	0.051816	437.81	1.7528	0.029412	0.41176	0.029412	83.529	0.096629	0.48132	0.17638	29.449	2.1593	0.83229
37	0.044203	442.82	1.5652	0.014706	0.35294	0.029412	83.603	0.09561	0.45913	0.17102	29.891	2.1133	0.79659
38	0.03742	447.88	1.3926	0	0.30882	0.014706	83.676	0.082451	0.43826	0.16368	30.324	1.9206	0.67487
39	0.035257	452.96	1.2997	0	0.29412	0.044118	83.662	0.079982	0.4205	0.15516	30.815	1.8061	0.67046
40	0.033237	458	1.2421	0	0.27941	0.029412	83.691	0.08683	0.40736	0.15335	31.496	1.9265	0.72987
41	0.028103	463.1	1.1174	0	0.23529	0.014706	83.75	0.074543	0.3934	0.14858	32.133	1.7514	0.62576
42	0.024814	468.21	1.0202	0	0.20588	0.044118	83.75	0.06782	0.38055	0.14134	32.694	1.5846	0.56142
43	0.019806	473.3	0.91273	0	0.16176	0.088235	83.75	0.068996	0.36887	0.13575	33.227	1.5228	0.56278
44	0.014412	478.48	0.77627	0	0.11765	0.11765	83.765	0.049945	0.35635	0.12369	33.553	1.1955	0.40627
45	0.010807	483.69	0.67437	0	0.088235	0.11765	83.794	0.040933	0.3454	0.11346	33.815	0.95235	0.33392
46	0.014456	488.78	0.7241	0	0.11765	0.088235	83.794	0.054284	0.33987	0.11458	34.191	1.2053	0.44148
47	0.0018091	493.97	0.48706	0	0.014706	0.058824	83.926	0.014918	0.32699	0.098361	34.32	0.48321	0.12127
48	0.003685	499.18	0.4761	0	0.029412	0.058824	83.912	0.021327	0.31867	0.091634	34.346	0.52027	0.17021
49	0.0037145	504.3	0.46079	0	0.029412	0.073529	83.897	0.021497	0.31179	0.087359	34.413	0.52547	0.17021
50	0.0018594	509.38	0.41621	0	0.014706	0.088235	83.897	0.015333	0.30442	0.081488	34.447	0.38844	0.12127
51	0.0018755	514.43	0.39984	0	0.014706	0.10294	83.882	0.015466	0.29792	0.076911	34.446	0.37331	0.12127
52	0.0018912	519.42	0.38885	0	0.014706	0.10294	83.882	0.015595	0.29208	0.073334	34.451	0.37024	0.12127
53	0	524.35	0.35377	0	0	0.13235	83.868	0	0.28682	0.069692	34.456	0.15746	0
54	0	529.26	0.33761	0	0	0.14706	83.853	0	0.28115	0.065055	34.392	0.096911	0
55	0	534.11	0.32758	0	0	0.13235	83.868	0	0.27653	0.06236	34.333	0.076495	0
56	0	538.89	0.3202	0	0	0.16176	83.838	0	0.27243	0.060525	34.279	0.068549	0
57	0	543.62	0.31427	0	0	0.17647	83.824	0	0.26877	0.059003	34.23	0.064722	0
58	0	548.29	0.30905	0	0	0.17647	83.824	0	0.26533	0.057267	34.185	0.062125	0
59	0	552.9	0.3043	0	0	0.19118	83.809	0	0.26213	0.055843	34.142	0.060099	0
60	0	557.44	0.29988	0	0	0.22059	83.779	0	0.25905	0.054652	34.103	0.05848	0
61	0	561.93	0.29582	0	0	0.22059	83.779	0	0.25633	0.053855	34.068	0.057123	0
62	0	566.35	0.29205	0	0	0.22059	83.779	0	0.25369	0.053165	34.035	0.056162	0
63	0	570.72	0.28856	0	0	0.23529	83.765	0	0.25122	0.053038	34.005	0.055863	0
64	0	575.02	0.28503	0	0	0.30882	83.691	0	0.24853	0.052329	33.979	0.055276	0
65	0	579.26	0.28147	0	0	0.32353	83.676	0	0.24577	0.05124	33.955	0.054386	0
66	0	583.44	0.27799	0	0	0.32353	83.676	0	0.24313	0.050321	33.936	0.053488	0
67	0	587.56	0.27471	0	0	0.32353	83.676	0	0.2407	0.049473	33.92	0.052615	0
68	0	591.62	0.27158	0	0	0.33824	83.662	0	0.2384	0.04859	33.907	0.051656	0
69	0	595.61	0.26835	0	0	0.38235	83.618	0	0.23587	0.046739	33.896	0.04995	0
70	0	599.55	0.26523	0	0	0.38235	83.618	0	0.23347	0.045097	33.889	0.048228	0
71	0	603.42	0.2622	0	0	0.41176	83.588	0	0.23114	0.043386	33.884	0.046431	0
72	0	607.23	0.25927	0	0	0.42647	83.574	0	0.2289	0.041745	33.882	0.044643	0
73	0	610.99	0.25645	0	0	0.44118	83.559	0	0.22675	0.040238	33.881	0.042956	0
74	0	614.68	0.2537	0	0	0.48529	83.515	0	0.22464	0.038753	33.882	0.041301	0
75	0	618.31	0.25105	0	0	0.5	83.5	0	0.22261	0.037423	33.884	0.039772	0
76	0	621.89	0.2485	0	0	0.52941	83.471	0	0.22065	0.036175	33.886	0.038342	0
77	0	625.41	0.24606	0	0	0.55882	83.441	0	0.21879	0.035075	33.889	0.037062	0
78	0	628.87	0.2437	0	0	0.60294	83.397	0	0.21698	0.033978	33.893	0.035816	0
79	0	632.27	0.24144	0	0	0.64706	83.353	0	0.21524	0.033007	33.895	0.034698	0
80	0	635.62	0.2393	0	0	0.66176	83.338	0	0.2136	0.032192	33.898	0.033745	0
81	0	638.91	0.23725	0	0	0.70588	83.294	0	0.21203	0.031465	33.899	0.032893	0
82	0	642.14	0.23524	0	0	0.70588	83.294	0	0.21047	0.030658	33.9	0.032015	0
83	0	645.32	0.23331	0	0	0.72059	83.279	0	0.20898	0.02993	33.899	0.031204	0
84	0	648.45	0.23145	0	0	0.75	83.25	0	0.20754	0.029246	33.897	0.030434	0
85	0	651.52	0.22965	0	0	0.79412	83.206	0	0.20613	0.028567	33.893	0.029686	0
86	0	654.53	0.22791	0	0	0.83824	83.162	0	0.2048	0.028037	33.888	0.029022	0
87	0	657.5	0.22626	0	0	0.86765	83.132	0	0.20356	0.027706	33.88	0.02849	0
88	0	660.41	0.22468	0	0	0.88235	83.118	0	0.20235	0.027355	33.871	0.028012	0
89	0	663.27	0.22314	0	0	0.91176	83.088	0	0.20116	0.026961	33.86	0.027549	0
90	0	666.09	0.22165	0	0	0.94118	83.059	0	0.20001	0.026587	33.846	0.027115	0
91	0	668.85	0.2202	0	0	0.94118	83.059	0	0.19889	0.026248	33.831	0.026711	0
92	0	671.56	0.21881	0	0	0.92647	83.074	0	0.1978	0.025868	33.813	0.026321	0
93	0	674.22	0.21745	0	0	0.98529	83.015	0	0.19674	0.025482	33.793	0.025929	0
94	0	676.83	0.21614	0	0	1.0441	82.956	0	0.19573	0.02514	33.77	0.02556	0
95	0	679.4	0.21489	0	0	1.0735	82.926	0	0.19481	0.024806	33.745	0.025202	0
96	0	681.91	0.2137	0	0	1.1471	82.853	0	0.19392	0.024489	33.717	0.024855	0
97	0	684.39	0.21254	0	0	1.2353	82.765	0	0.19309	0.024224	33.687	0.024522	0
98	0	686.81	0.21143	0	0	1.2794	82.721	0	0.19227	0.023987	33.654	0.024198	0
99	0	689.19	0.21034	0	0	1.3088	82.691	0	0.19145	0.023771	33.619	0.023885	0
100	0	691.53	0.20926	0	0	1.3529	82.647	0	0.19059	0.023492	33.581	0.023573	0
101	0	693.82	0.20817	0	0	1.3971	82.603	0	0.18969	0.023085	33.541	0.023231	0
102	0	696.06	0.20719	0	0	1.4559	82.544	0	0.1889	0.022922	33.498	0.023108	0
103	0	698.27	0.20647	0	0	1.4559	82.544	0	0.18844	0.023816	33.452	0.023824	0
104	0	700.43	0.20583	0	0	1.5	82.5	0	0.18804	0.025282	33.403	0.025053	0
105	0	702.54	0.2051	0	0	1.5882	82.412	0	0.18745	0.026017	33.35	0.02603	0
106	0	704.62	0.20436	0	0	1.6765	82.324	0	0.18686	0.026672	33.296	0.026916	0
107	0	706.66	0.20358	0	0	1.75	82.25	0	0.18623	0.027018	33.24	0.027469	0
108	0	708.65	0.20272	0	0	1.7941	82.206	0	0.18553	0.026823	33.183	0.027521	0
109	0	710.61	0.20182	0	0	1.8676	82.132	0	0.18477	0.026233	33.124	0.02713	0
110	0	712.53	0.2009	0	0	1.9265	82.074	0	0.184	0.025506	33.064	0.026531	0
111	0	714.41	0.19998	0	0	2.0147	81.985	0	0.18325	0.024811	33.003	0.025816	0
112	0	716.25	0.19904	0	0	2.0441	81.956	0	0.18246	0.023839	32.94	0.024908	0
113	0	718.06	0.19817	0	0	2.1029	81.897	0	0.18176	0.023324	32.877	0.024264	0
114	0	719.82	0.19734	0	0	2.1618	81.838	0	0.1811	0.022888	32.811	0.023733	0
115	0	721.56	0.19654	0	0	2.2647	81.735	0	0.18045	0.02252	32.744	0.023314	0
116	0	723.25	0.19577	0	0	2.3382	81.662	0	0.17982	0.022235	32.674	0.02297	0
117	0	724.92	0.19499	0	0	2.3824	81.618	0	0.17918	0.021776	32.602	0.02253	0
118	0	726.55	0.19422	0	0	2.4559	81.544	0	0.17853	0.021279	32.528	0.022045	0
119	0	728.14	0.19345	0	0	2.6324	81.368	0	0.17788	0.020765	32.452	0.021532	0
120	0	729.71	0.1927	0	0	2.7647	81.235	0	0.17726	0.020355	32.373	0.021098	0
121	0	731.24	0.19198	0	0	2.8676	81.132	0	0.17666	0.019991	32.292	0.020699	0
122	0	732.74	0.19127	0	0	3	81	0	0.17606	0.019581	32.208	0.0203	0
123	0	734.21	0.19059	0	0	3.0735	80.926	0	0.1755	0.019331	32.122	0.020015	0
124	0	735.66	0.18991	0	0	3.1912	80.809	0	0.17494	0.019015	32.033	0.019686	0
125	0	737.07	0.18925	0	0	3.3235	80.676	0	0.17439	0.018711	31.942	0.019388	0
126	0	738.45	0.1886	0	0	3.4118	80.588	0	0.17384	0.018408	31.848	0.019078	0
127	0	739.81	0.18796	0	0	3.5	80.5	0	0.1733	0.018096	31.751	0.01877	0
128	0	741.14	0.18734	0	0	3.6912	80.309	0	0.17277	0.017805	31.652	0.018478	0
129	0	742.44	0.18674	0	0	3.7794	80.221	0	0.17228	0.017611	31.55	0.01826	0
130	0	743.71	0.18615	0	0	3.9853	80.015	0	0.17178	0.0174	31.446	0.018038	0
131	0	744.96	0.18555	0	0	4.1029	79.897	0	0.17126	0.01703	31.339	0.017705	0
132	0	746.19	0.18497	0	0	4.1618	79.838	0	0.17076	0.016687	31.231	0.017368	0
133	0	747.39	0.1844	0	0	4.3382	79.662	0	0.17028	0.016372	31.12	0.017045	0
134	0	748.56	0.18391	0	0	4.4559	79.544	0	0.16988	0.016089	31.007	0.016757	0
135	0	749.72	0.18368	0	0	4.6912	79.309	0	0.16982	0.016263	30.891	0.016793	0
136	0	750.85	0.18351	0	0	4.7353	79.265	0	0.16977	0.017049	30.774	0.017354	0
137	0	751.95	0.18336	0	0	4.8824	79.118	0	0.16969	0.018211	30.654	0.018406	0
138	0	753.04	0.18323	0	0	5.0735	78.926	0	0.16964	0.019813	30.532	0.019902	0
139	0	754.1	0.18295	0	0	5.2647	78.735	0	0.16937	0.02043	30.408	0.020816	0
140	0	755.14	0.18263	0	0	5.4118	78.588	0	0.16907	0.02053	30.283	0.021147	0
141	0	756.16	0.18258	0	0	5.5735	78.426	0	0.16892	0.019502	30.155	0.020679	0
142	0	757.16	0.18258	0	0	5.6765	78.324	0	0.16882	0.019195	30.026	0.021018	0
143	0	758.14	0.18263	0	0	5.8676	78.132	0	0.16876	0.019859	29.894	0.022669	0
144	0	759.09	0.18272	0	0	5.9853	78.015	0	0.16874	0.021369	29.761	0.025551	0
145	0	760.03	0.18246	0	0	6.0588	77.941	0	0.1684	0.021569	29.624	0.026815	0
146	0	760.94	0.18225	0	0	6.1618	77.838	0	0.16834	0.022037	29.485	0.028064	0
147	0	761.84	0.18229	0	0	6.2794	77.721	0	0.16928	0.024644	29.344	0.028185	0
148	0	762.71	0.18312	0	0	6.4706	77.529	0	0.17119	0.035384	29.2	0.030283	0
149	0	763.57	0.18398	0	0	6.5882	77.412	0	0.17215	0.040524	29.054	0.032916	0
150	0	764.41	0.18457	0	0	6.7353	77.265	0	0.17251	0.042461	28.905	0.035337	0
151	0	765.22	0.18488	0	0	6.8676	77.132	0	0.17299	0.046959	28.753	0.037642	0
152	0	766.02	0.18488	0	0	6.9853	77.015	0	0.17293	0.048439	28.599	0.039151	0
153	0	766.8	0.18459	0	0	7.1765	76.824	0	0.17226	0.045313	28.443	0.039377	0
154	0	767.56	0.18399	0	0	7.3971	76.603	0	0.17113	0.039333	28.285	0.038206	0
155	0	768.31	0.18338	0	0	7.5441	76.456	0	0.17046	0.036844	28.126	0.036962	0
156	0	769.03	0.18265	0	0	7.6471	76.353	0	0.16976	0.034651	27.965	0.035096	0
157	0	769.74	0.18202	0	0	7.8088	76.191	0	0.16934	0.034307	27.804	0.033669	0
158	0	770.44	0.18126	0	0	8	76	0	0.16857	0.032075	27.644	0.031626	0
159	0	771.11	0.18048	0	0	8.0882	75.912	0	0.16775	0.029404	27.483	0.029553	0
160	0	771.78	0.17972	0	0	8.3088	75.691	0	0.16694	0.026722	27.322	0.027618	0
161	0	772.42	0.17903	0	0	8.5294	75.471	0	0.16631	0.025082	27.162	0.02602	0
162	0	773.06	0.17836	0	0	8.7206	75.279	0	0.16565	0.023277	27.002	0.024545	0
163	0	773.68	0.17782	0	0	8.8235	75.176	0	0.16508	0.021504	26.843	0.023438	0
164	0	774.29	0.17748	0	0	9	75	0	0.1648	0.020272	26.684	0.022538	0
165	0	774.88	0.17717	0	0	9.1912	74.809	0	0.16455	0.019778	26.526	0.021892	0
166	0	775.46	0.17693	0	0	9.3529	74.647	0	0.16441	0.01978	26.369	0.021572	0
167	0	776.03	0.17666	0	0	9.4706	74.529	0	0.1642	0.019607	26.214	0.021369	0
168	0	776.59	0.1765	0	0	9.5882	74.412	0	0.16412	0.019861	26.06	0.02155	0
169	0	777.14	0.17635	0	0	9.7353	74.265	0	0.16401	0.020149	25.908	0.021834	0
170	0	777.68	0.17603	0	0	9.8676	74.132	0	0.16366	0.01963	25.758	0.021613	0
171	0	778.2	0.17563	0	0	10	74	0	0.16326	0.019041	25.61	0.021097	0
172	0	778.72	0.17521	0	0	10.206	73.794	0	0.16286	0.018486	25.464	0.020552	0
173	0	779.22	0.1748	0	0	10.397	73.603	0	0.16249	0.018069	25.32	0.020079	0
174	0	779.72	0.17442	0	0	10.456	73.544	0	0.16218	0.017662	25.178	0.019596	0
175	0	780.2	0.17407	0	0	10.603	73.397	0	0.16192	0.0173	25.037	0.019162	0
176	0	780.68	0.17371	0	0	10.779	73.221	0	0.16162	0.016863	24.898	0.018648	0
177	0	781.15	0.17332	0	0	10.956	73.044	0	0.16128	0.016244	24.76	0.018	0
178	0	781.61	0.17295	0	0	11.059	72.941	0	0.16096	0.015708	24.623	0.01739	0
179	0	782.05	0.17259	0	0	11.176	72.824	0	0.16066	0.015231	24.488	0.016835	0
180	0	782.49	0.17231	0	0	11.368	72.632	0	0.16049	0.014867	24.355	0.016384	0
181	0	782.93	0.1721	0	0	11.515	72.485	0	0.16045	0.01465	24.222	0.015999	0
182	0	783.35	0.17192	0	0	11.706	72.294	0	0.16038	0.014568	24.09	0.015669	0
183	0	783.77	0.17173	0	0	11.824	72.176	0	0.16023	0.014485	23.96	0.01539	0
184	0	784.18	0.17154	0	0	11.956	72.044	0	0.16008	0.014439	23.83	0.015139	0
185	0	784.58	0.17136	0	0	12.044	71.956	0	0.15994	0.014442	23.7	0.014964	0
186	0	784.98	0.1712	0	0	12.162	71.838	0	0.1598	0.01446	23.572	0.014842	0
187	0	785.36	0.17102	0	0	12.206	71.794	0	0.15961	0.014326	23.443	0.014719	0
188	0	785.74	0.17083	0	0	12.441	71.559	0	0.1594	0.01416	23.315	0.014586	0
189	0	786.11	0.17063	0	0	12.544	71.456	0	0.1592	0.014029	23.187	0.014468	0
190	0	786.47	0.17041	0	0	12.588	71.412	0	0.15898	0.013843	23.06	0.014336	0
191	0	786.82	0.17019	0	0	12.809	71.191	0	0.15876	0.013692	22.933	0.014215	0
192	0	787.17	0.16996	0	0	13.029	70.971	0	0.15854	0.013522	22.807	0.014081	0
193	0	787.51	0.16972	0	0	13.147	70.853	0	0.15831	0.013343	22.682	0.013937	0
194	0	787.85	0.16947	0	0	13.265	70.735	0	0.15807	0.013139	22.558	0.013758	0
195	0	788.17	0.16922	0	0	13.485	70.515	0	0.15784	0.012938	22.434	0.013566	0
196	0	788.5	0.16897	0	0	13.647	70.353	0	0.15761	0.012755	22.31	0.013368	0
197	0	788.81	0.16872	0	0	13.765	70.235	0	0.1574	0.012575	22.187	0.013173	0
198	0	789.12	0.16848	0	0	13.897	70.103	0	0.15718	0.012383	22.064	0.012975	0
199	0	789.43	0.16824	0	0	14.059	69.941	0	0.15696	0.012208	21.941	0.012782	0
200	0	789.72	0.168	0	0	14.25	69.75	0	0.15675	0.012033	21.819	0.012594	0
201	0	790.02	0.16777	0	0	14.5	69.5	0	0.15653	0.011848	21.698	0.01241	0
202	0	790.31	0.16754	0	0	14.574	69.426	0	0.15632	0.011661	21.577	0.012228	0
203	0	790.59	0.16731	0	0	14.691	69.309	0	0.15611	0.011473	21.456	0.012051	0
204	0	790.87	0.16708	0	0	14.853	69.147	0	0.1559	0.011292	21.336	0.011879	0
205	0	791.14	0.16686	0	0	15.088	68.912	0	0.1557	0.01112	21.216	0.011715	0
206	0	791.41	0.16664	0	0	15.235	68.765	0	0.1555	0.010956	21.097	0.011558	0
207	0	791.68	0.16643	0	0	15.324	68.676	0	0.1553	0.010797	20.978	0.011405	0
208	0	791.94	0.16622	0	0	15.426	68.574	0	0.15511	0.010645	20.86	0.011258	0
209	0	792.2	0.16601	0	0	15.662	68.338	0	0.15492	0.010495	20.742	0.011112	0
210	0	792.45	0.16581	0	0	15.838	68.162	0	0.15475	0.010344	20.625	0.010966	0
211	0	792.7	0.16563	0	0	15.971	68.029	0	0.15459	0.010198	20.509	0.010826	0
212	0	792.95	0.16546	0	0	16.044	67.956	0	0.15447	0.010042	20.393	0.010681	0
213	0	793.19	0.16533	0	0	16.176	67.824	0	0.1544	0.0099132	20.278	0.010543	0
214	0	793.43	0.16524	0	0	16.338	67.662	0	0.15444	0.0098582	20.164	0.010425	0
215	0	793.66	0.16518	0	0	16.515	67.485	0	0.15447	0.0099066	20.051	0.010343	0
216	0	793.89	0.16513	0	0	16.838	67.162	0	0.15448	0.0099943	19.938	0.010291	0
217	0	794.12	0.16508	0	0	16.971	67.029	0	0.15448	0.010128	19.825	0.010269	0
218	0	794.35	0.16502	0	0	17.074	66.926	0	0.15446	0.010262	19.713	0.010269	0
219	0	794.57	0.16495	0	0	17.221	66.779	0	0.15441	0.010311	19.602	0.010262	0
220	0	794.78	0.16502	0	0	17.294	66.706	0	0.15451	0.01081	19.491	0.010624	0
221	0	794.99	0.16524	0	0	17.529	66.471	0	0.15482	0.012432	19.38	0.01173	0
222	0	795.2	0.16542	0	0	17.618	66.382	0	0.155	0.013889	19.27	0.01312	0
223	0	795.41	0.16555	0	0	17.721	66.279	0	0.15509	0.015114	19.16	0.014502	0
224	0	795.6	0.16568	0	0	17.794	66.206	0	0.15523	0.016656	19.05	0.016027	0
225	0	795.8	0.16578	0	0	18.029	65.971	0	0.15535	0.017721	18.941	0.01735	0
226	0	795.99	0.16587	0	0	18.132	65.868	0	0.15549	0.018916	18.833	0.018523	0
227	0	796.18	0.16583	0	0	18.279	65.721	0	0.15545	0.018948	18.724	0.018847	0
228	0	796.36	0.16568	0	0	18.426	65.574	0	0.15529	0.018182	18.617	0.018355	0
229	0	796.54	0.16545	0	0	18.515	65.485	0	0.15505	0.017007	18.51	0.017361	0
230	0	796.71	0.16526	0	0	18.603	65.397	0	0.1549	0.016418	18.403	0.016633	0
231	0	796.88	0.1651	0	0	18.809	65.191	0	0.15483	0.016333	18.298	0.016116	0
232	0	797.05	0.16496	0	0	18.941	65.059	0	0.15478	0.016471	18.194	0.015728	0
233	0	797.21	0.16483	0	0	19.088	64.912	0	0.15471	0.016492	18.091	0.015457	0
234	0	797.37	0.16472	0	0	19.176	64.824	0	0.15462	0.016614	17.989	0.01538	0
235	0	797.52	0.1646	0	0	19.397	64.603	0	0.15449	0.016637	17.888	0.015321	0
236	0	797.68	0.16446	0	0	19.5	64.5	0	0.15435	0.016553	17.789	0.015229	0
237	0	797.83	0.16432	0	0	19.588	64.412	0	0.15419	0.016298	17.691	0.015096	0
238	0	797.97	0.16417	0	0	19.794	64.206	0	0.154	0.015986	17.594	0.014968	0
239	0	798.12	0.16404	0	0	19.853	64.147	0	0.15383	0.015623	17.499	0.014841	0
240	0	798.26	0.16391	0	0	19.912	64.088	0	0.15368	0.015283	17.406	0.014695	0
241	0	798.4	0.16377	0	0	20.059	63.941	0	0.1535	0.014754	17.315	0.014426	0
242	0	798.53	0.16365	0	0	20.118	63.882	0	0.15336	0.0144	17.225	0.014225	0
243	0	798.67	0.16353	0	0	20.206	63.794	0	0.15323	0.014135	17.137	0.014064	0
244	0	798.8	0.16342	0	0	20.309	63.691	0	0.15309	0.013828	17.051	0.01389	0
245	0	798.93	0.16378	0	0	20.441	63.559	0	0.15337	0.015003	16.966	0.015614	0
246	0	799.05	0.16454	0	0	20.529	63.471	0	0.15399	0.018226	16.883	0.020162	0
247	0	799.18	0.16514	0	0	20.691	63.309	0	0.15443	0.020539	16.801	0.023901	0
248	0	799.3	0.16551	0	0	20.824	63.176	0	0.15464	0.021869	16.722	0.026455	0
249	0	799.42	0.16595	0	0	20.971	63.029	0	0.15496	0.023691	16.645	0.029078	0
250	0	799.54	0.16636	0	0	21.088	62.912	0	0.15529	0.025571	16.571	0.031555	0
251	0	799.65	0.16656	0	0	21.176	62.824	0	0.15538	0.026489	16.499	0.032961	0
252	0	799.76	0.16673	0	0	21.382	62.618	0	0.15547	0.026935	16.429	0.03397	0
253	0	799.87	0.16687	0	0	21.588	62.412	0	0.1556	0.026825	16.362	0.034006	0
254	0	799.97	0.16706	0	0	21.691	62.309	0	0.15569	0.026183	16.298	0.033276	0
255	0	800.07	0.16739	0	0	21.912	62.088	0	0.15596	0.025721	16.237	0.032421	0
256	0	800.17	0.16786	0	0	22.103	61.897	0	0.15632	0.026296	16.178	0.032782	0
257	0	800.27	0.1682	0	0	22.206	61.794	0	0.15653	0.027354	16.122	0.034106	0
258	0	800.36	0.16842	0	0	22.309	61.691	0	0.15662	0.028479	16.067	0.035849	0
259	0	800.45	0.1683	0	0	22.529	61.471	0	0.1564	0.028269	16.015	0.036263	0
260	0	800.54	0.16819	0	0	22.647	61.353	0	0.15626	0.028362	15.965	0.036679	0
261	0	800.62	0.16802	0	0	22.75	61.25	0	0.1561	0.028259	15.916	0.036663	0
262	0	800.7	0.16778	0	0	22.868	61.132	0	0.15587	0.027892	15.869	0.036326	0
263	0	800.78	0.16747	0	0	22.941	61.059	0	0.15559	0.027276	15.823	0.035668	0
264	0	800.86	0.167	0	0	23.118	60.882	0	0.15514	0.025933	15.779	0.034184	0
265	0	800.93	0.16652	0	0	23.191	60.809	0	0.15473	0.024673	15.737	0.032628	0
266	0	801.01	0.16605	0	0	23.294	60.706	0	0.15434	0.023488	15.696	0.031061	0
267	0	801.08	0.16551	0	0	23.441	60.559	0	0.15389	0.021881	15.656	0.028902	0
268	0	801.15	0.16501	0	0	23.603	60.397	0	0.15351	0.020484	15.618	0.026863	0
269	0	801.22	0.1646	0	0	23.779	60.221	0	0.15321	0.019445	15.581	0.025223	0
270	0	801.29	0.16418	0	0	23.926	60.074	0	0.15287	0.018325	15.546	0.023633	0
271	0	801.36	0.16382	0	0	24.029	59.971	0	0.15258	0.017403	15.512	0.022324	0
272	0	801.43	0.16356	0	0	24.118	59.882	0	0.15239	0.016685	15.478	0.021248	0
273	0	801.51	0.16334	0	0	24.279	59.721	0	0.15222	0.01606	15.447	0.020327	0
274	0	801.58	0.16317	0	0	24.5	59.5	0	0.15208	0.015585	15.416	0.019629	0
275	0	801.65	0.16297	0	0	24.618	59.382	0	0.15192	0.015066	15.386	0.018883	0
276	0	801.72	0.16278	0	0	24.735	59.265	0	0.15176	0.014601	15.357	0.01822	0
277	0	801.79	0.16262	0	0	24.75	59.25	0	0.15164	0.014204	15.329	0.017649	0
278	0	801.87	0.16248	0	0	24.868	59.132	0	0.15156	0.013797	15.3	0.017112	0
279	0	801.94	0.16233	0	0	25.044	58.956	0	0.15147	0.013401	15.271	0.0166	0
280	0	802.01	0.16222	0	0	25.265	58.735	0	0.1514	0.013074	15.241	0.016144	0
281	0	802.08	0.16211	0	0	25.309	58.691	0	0.15134	0.012793	15.211	0.015732	0
282	0	802.16	0.16203	0	0	25.382	58.618	0	0.15129	0.012568	15.181	0.015363	0
283	0	802.23	0.16196	0	0	25.456	58.544	0	0.15125	0.01237	15.15	0.015035	0
284	0	802.3	0.16192	0	0	25.676	58.324	0	0.15122	0.012198	15.119	0.014748	0
285	0	802.37	0.16186	0	0	25.794	58.206	0	0.15117	0.012019	15.087	0.014487	0
286	0	802.44	0.16178	0	0	25.971	58.029	0	0.15109	0.011824	15.055	0.014242	0
287	0	802.52	0.16169	0	0	26.132	57.868	0	0.15099	0.011631	15.022	0.014006	0
288	0	802.59	0.16159	0	0	26.221	57.779	0	0.15089	0.011458	14.989	0.013775	0
289	0	802.66	0.16147	0	0	26.338	57.662	0	0.15078	0.011286	14.955	0.013548	0
290	0	802.73	0.16134	0	0	26.397	57.603	0	0.15065	0.011082	14.921	0.013318	0
291	0	802.8	0.1612	0	0	26.515	57.485	0	0.15053	0.010886	14.886	0.013089	0
292	0	802.86	0.16107	0	0	26.574	57.426	0	0.15041	0.010701	14.851	0.012862	0
293	0	802.93	0.16093	0	0	26.676	57.324	0	0.15028	0.010511	14.815	0.012637	0
294	0	803	0.16079	0	0	26.882	57.118	0	0.15016	0.010323	14.778	0.012415	0
295	0	803.07	0.16066	0	0	26.971	57.029	0	0.15005	0.010138	14.741	0.012197	0
296	0	803.14	0.16053	0	0	27.044	56.956	0	0.14994	0.0099624	14.704	0.011985	0
297	0	803.2	0.16041	0	0	27.118	56.882	0	0.14984	0.0097962	14.665	0.01178	0
298	0	803.27	0.16029	0	0	27.206	56.794	0	0.14973	0.0096394	14.626	0.011584	0
299	0	803.34	0.16017	0	0	27.397	56.603	0	0.14963	0.0094906	14.586	0.011395	0
300	0	803.41	0.16005	0	0	27.544	56.456	0	0.14952	0.0093482	14.546	0.011212	0
301	0	803.47	0.15993	0	0	27.662	56.338	0	0.14942	0.0092113	14.504	0.011035	0
302	0	803.54	0.15982	0	0	27.691	56.309	0	0.14932	0.0090787	14.462	0.010864	0
303	0	803.61	0.15971	0	0	27.838	56.162	0	0.14923	0.0089517	14.419	0.010697	0
304	0	803.68	0.1596	0	0	27.941	56.059	0	0.14913	0.0088248	14.375	0.010534	0
305	0	803.74	0.15949	0	0	28.059	55.941	0	0.14904	0.0087042	14.331	0.010375	0
306	0	803.81	0.15939	0	0	28.147	55.853	0	0.14895	0.0085911	14.286	0.010222	0
307	0	803.88	0.15929	0	0	28.206	55.794	0	0.14887	0.0084825	14.24	0.010073	0
308	0	803.95	0.15922	0	0	28.397	55.603	0	0.14885	0.0083816	14.193	0.0099247	0
309	0	804.02	0.15916	0	0	28.544	55.456	0	0.14885	0.0083397	14.146	0.0097879	0
310	0	804.08	0.1591	0	0	28.618	55.382	0	0.14883	0.0083586	14.099	0.0096706	0
311	0	804.15	0.15905	0	0	28.676	55.324	0	0.14881	0.0084224	14.05	0.0095751	0
312	0	804.22	0.15899	0	0	28.75	55.25	0	0.14878	0.0085073	14.001	0.0094988	0
313	0	804.29	0.15895	0	0	28.838	55.162	0	0.14877	0.0086602	13.952	0.0094438	0
314	0	804.35	0.15896	0	0	28.882	55.118	0	0.14882	0.0086427	13.902	0.009345	0
315	0	804.42	0.15913	0	0	28.985	55.015	0	0.14928	0.0096039	13.853	0.0093925	0
316	0	804.49	0.1601	0	0	29.206	54.794	0	0.15206	0.021044	13.806	0.011117	0
317	0	804.57	0.16124	0	0	29.324	54.676	0	0.15396	0.032097	13.76	0.016159	0
318	0	804.64	0.16245	0	0	29.485	54.515	0	0.15552	0.041186	13.716	0.02243	0
319	0	804.71	0.16377	0	0	29.632	54.368	0	0.15693	0.047733	13.67	0.028262	0
320	0	804.78	0.1649	0	0	29.794	54.206	0	0.15811	0.05354	13.621	0.033545	0
321	0	804.84	0.16555	0	0	29.868	54.132	0	0.15806	0.051887	13.569	0.036685	0
322	0	804.91	0.16618	0	0	30.015	53.985	0	0.15865	0.053394	13.512	0.039251	0
323	0	804.96	0.1666	0	0	30.118	53.882	0	0.15872	0.051456	13.451	0.04036	0
324	0	805.02	0.16681	0	0	30.176	53.824	0	0.15851	0.048575	13.387	0.040488	0
325	0	805.07	0.16665	0	0	30.206	53.794	0	0.15793	0.044402	13.32	0.039108	0
326	0	805.11	0.16632	0	0	30.279	53.721	0	0.1573	0.040526	13.249	0.037027	0
327	0	805.15	0.16584	0	0	30.382	53.618	0	0.15663	0.037043	13.174	0.034603	0
328	0	805.19	0.16537	0	0	30.5	53.5	0	0.15609	0.034602	13.097	0.03241	0
329	0	805.23	0.16491	0	0	30.559	53.441	0	0.15555	0.032258	13.017	0.030369	0
330	0	805.26	0.1645	0	0	30.676	53.324	0	0.1551	0.030589	12.936	0.028774	0
331	0	805.29	0.16411	0	0	30.838	53.162	0	0.15464	0.029179	12.854	0.027469	0
332	0	805.31	0.16376	0	0	30.941	53.059	0	0.15423	0.028099	12.772	0.026433	0
333	0	805.34	0.16345	0	0	31.029	52.971	0	0.15385	0.027081	12.69	0.025564	0
334	0	805.36	0.16318	0	0	31.132	52.868	0	0.15352	0.026058	12.608	0.02481	0
335	0	805.38	0.16295	0	0	31.25	52.75	0	0.15324	0.025143	12.528	0.024142	0
336	0	805.4	0.16273	0	0	31.382	52.618	0	0.15297	0.024239	12.449	0.0235	0
337	0	805.42	0.16254	0	0	31.5	52.5	0	0.15272	0.023335	12.372	0.022894	0
338	0	805.44	0.16235	0	0	31.632	52.368	0	0.15248	0.022465	12.297	0.022284	0
339	0	805.46	0.16219	0	0	31.735	52.265	0	0.15227	0.021678	12.224	0.021705	0
340	0	805.48	0.16205	0	0	31.897	52.103	0	0.1521	0.020945	12.153	0.021152	0
341	0	805.49	0.16192	0	0	31.971	52.029	0	0.15195	0.020349	12.086	0.020669	0
342	0	805.51	0.16177	0	0	32.103	51.897	0	0.15177	0.019617	12.021	0.020092	0
343	0	805.53	0.16162	0	0	32.235	51.765	0	0.15161	0.019017	11.96	0.019566	0
344	0	805.55	0.16148	0	0	32.338	51.662	0	0.15146	0.018493	11.903	0.01909	0
345	0	805.56	0.16134	0	0	32.397	51.603	0	0.15132	0.018026	11.849	0.018639	0
346	0	805.58	0.16125	0	0	32.485	51.515	0	0.15127	0.017686	11.798	0.018269	0
347	0	805.6	0.16124	0	0	32.544	51.456	0	0.1513	0.017383	11.751	0.017941	0
348	0	805.62	0.16124	0	0	32.618	51.382	0	0.15132	0.01707	11.706	0.017656	0
349	0	805.64	0.16126	0	0	32.779	51.221	0	0.15133	0.016819	11.665	0.017425	0
350	0	805.66	0.16128	0	0	32.912	51.088	0	0.15136	0.01665	11.627	0.017254	0
351	0	805.68	0.16129	0	0	33	51	0	0.15136	0.016528	11.593	0.017115	0
352	0	805.7	0.16125	0	0	33.029	50.971	0	0.1513	0.016389	11.562	0.016964	0
353	0	805.71	0.16117	0	0	33.132	50.868	0	0.15118	0.016203	11.535	0.016796	0
354	0	805.73	0.16105	0	0	33.176	50.824	0	0.15103	0.015951	11.511	0.016598	0
355	0	805.75	0.16092	0	0	33.309	50.691	0	0.15087	0.015687	11.491	0.016383	0
356	0	805.77	0.16078	0	0	33.412	50.588	0	0.1507	0.01542	11.473	0.016161	0
357	0	805.79	0.16065	0	0	33.485	50.515	0	0.15055	0.01517	11.458	0.015945	0
358	0	805.8	0.16052	0	0	33.544	50.456	0	0.15041	0.014927	11.446	0.015726	0
359	0	805.82	0.1604	0	0	33.574	50.426	0	0.15029	0.014726	11.436	0.015528	0
360	0	805.84	0.1603	0	0	33.721	50.279	0	0.15018	0.014547	11.428	0.015342	0
361	0	805.86	0.16019	0	0	33.809	50.191	0	0.15008	0.014315	11.423	0.015144	0
362	0	805.88	0.16009	0	0	34.029	49.971	0	0.14996	0.014051	11.419	0.014926	0
363	0	805.9	0.15998	0	0	34.118	49.882	0	0.14985	0.013788	11.417	0.014698	0
364	0	805.92	0.15987	0	0	34.176	49.824	0	0.14975	0.013529	11.416	0.014466	0
365	0	805.94	0.15977	0	0	34.206	49.794	0	0.14965	0.013281	11.417	0.014233	0
366	0	805.96	0.15967	0	0	34.353	49.647	0	0.14956	0.01305	11.42	0.01401	0
367	0	805.98	0.15957	0	0	34.5	49.5	0	0.14947	0.012833	11.423	0.013793	0
368	0	806.01	0.15948	0	0	34.603	49.397	0	0.14938	0.012622	11.427	0.013582	0
369	0	806.03	0.15939	0	0	34.75	49.25	0	0.1493	0.012417	11.432	0.013378	0
370	0	806.06	0.1593	0	0	34.779	49.221	0	0.14922	0.01222	11.438	0.01318	0
371	0	806.08	0.15922	0	0	34.882	49.118	0	0.14916	0.012036	11.444	0.012992	0
372	0	806.11	0.15914	0	0	35.015	48.985	0	0.1491	0.011859	11.45	0.012812	0
373	0	806.13	0.15908	0	0	35.088	48.912	0	0.14905	0.011687	11.457	0.012636	0
374	0	806.16	0.15902	0	0	35.206	48.794	0	0.14901	0.011521	11.463	0.012463	0
375	0	806.19	0.15896	0	0	35.309	48.691	0	0.14897	0.011365	11.469	0.012298	0
376	0	806.22	0.15891	0	0	35.353	48.647	0	0.14893	0.011209	11.475	0.012134	0
377	0	806.25	0.15886	0	0	35.412	48.588	0	0.14889	0.011058	11.481	0.011973	0
378	0	806.28	0.15881	0	0	35.441	48.559	0	0.14884	0.010906	11.486	0.011813	0
379	0	806.3	0.15876	0	0	35.529	48.471	0	0.1488	0.010752	11.491	0.011652	0
380	0	806.33	0.15871	0	0	35.588	48.412	0	0.14875	0.0106	11.496	0.011492	0
381	0	806.36	0.15866	0	0	35.721	48.279	0	0.1487	0.010451	11.5	0.011333	0
382	0	806.39	0.1586	0	0	35.838	48.162	0	0.14865	0.010305	11.503	0.011178	0
383	0	806.42	0.15854	0	0	35.838	48.162	0	0.14859	0.01016	11.506	0.011024	0
384	0	806.45	0.15848	0	0	35.912	48.088	0	0.14853	0.010015	11.508	0.010873	0
385	0	806.49	0.15847	0	0	36	48	0	0.14853	0.0098484	11.51	0.010702	0
386	0	806.52	0.15861	0	0	36.118	47.882	0	0.14872	0.0099169	11.511	0.010659	0
387	0	806.55	0.15883	0	0	36.25	47.75	0	0.14897	0.010641	11.512	0.01109	0
388	0	806.58	0.15904	0	0	36.353	47.647	0	0.14921	0.011867	11.511	0.011991	0
389	0	806.61	0.1593	0	0	36.397	47.603	0	0.14944	0.013435	11.509	0.013456	0
390	0	806.64	0.15963	0	0	36.515	47.485	0	0.14981	0.016152	11.506	0.015719	0
391	0	806.67	0.15977	0	0	36.647	47.353	0	0.1499	0.017136	11.501	0.017055	0
392	0	806.7	0.15987	0	0	36.662	47.338	0	0.14997	0.018013	11.494	0.018099	0
393	0	806.73	0.15984	0	0	36.765	47.235	0	0.14989	0.017883	11.486	0.018323	0
394	0	806.76	0.16011	0	0	36.809	47.191	0	0.15002	0.017588	11.475	0.018568	0
395	0	806.79	0.16081	0	0	36.868	47.132	0	0.15054	0.019173	11.462	0.02107	0
396	0	806.81	0.161	0	0	36.926	47.074	0	0.15054	0.019377	11.447	0.022447	0
397	0	806.84	0.16132	0	0	36.926	47.074	0	0.15069	0.020656	11.432	0.025023	0
398	0	806.86	0.16182	0	0	37	47	0	0.15101	0.023323	11.416	0.029271	0
399	0	806.88	0.16213	0	0	37.059	46.941	0	0.15117	0.02513	11.4	0.032452	0
400	0	806.91	0.16229	0	0	37.206	46.794	0	0.15123	0.026174	11.384	0.034599	0
401	0	806.93	0.1622	0	0	37.324	46.676	0	0.1511	0.025895	11.368	0.034862	0
402	0	806.95	0.16209	0	0	37.441	46.559	0	0.15173	0.025097	11.354	0.032704	0
403	0	806.97	0.16225	0	0	37.441	46.559	0	0.15292	0.029888	11.34	0.030203	0
404	0	806.98	0.16246	0	0	37.485	46.515	0	0.15386	0.037193	11.329	0.029518	0
405	0	807	0.16273	0	0	37.5	46.5	0	0.1547	0.044966	11.318	0.030537	0
406	0	807.02	0.16273	0	0	37.691	46.309	0	0.1547	0.046599	11.308	0.031065	0
407	0	807.03	0.16283	0	0	37.824	46.176	0	0.15492	0.049738	11.299	0.032526	0
408	0	807.04	0.1628	0	0	37.912	46.088	0	0.15479	0.049834	11.29	0.03328	0
409	0	807.06	0.16258	0	0	37.956	46.044	0	0.15416	0.046078	11.282	0.032713	0
410	0	807.07	0.16228	0	0	38.029	45.971	0	0.1535	0.041879	11.275	0.031458	0
411	0	807.08	0.16194	0	0	38.118	45.882	0	0.1529	0.038056	11.268	0.02985	0
412	0	807.09	0.16146	0	0	38.324	45.676	0	0.15196	0.031821	11.261	0.027367	0
413	0	807.1	0.16099	0	0	38.441	45.559	0	0.15125	0.027372	11.255	0.02493	0
414	0	807.11	0.16057	0	0	38.485	45.515	0	0.15074	0.024521	11.25	0.022936	0
415	0	807.13	0.16024	0	0	38.515	45.485	0	0.15041	0.022928	11.245	0.021457	0
416	0	807.14	0.15991	0	0	38.603	45.397	0	0.14997	0.020567	11.241	0.020011	0
417	0	807.15	0.15962	0	0	38.721	45.279	0	0.1496	0.018719	11.238	0.018751	0
418	0	807.17	0.15934	0	0	38.838	45.162	0	0.14926	0.017024	11.235	0.017606	0
419	0	807.18	0.1591	0	0	38.956	45.044	0	0.14899	0.01586	11.233	0.016686	0
420	0	807.2	0.15889	0	0	39.088	44.912	0	0.14879	0.014942	11.231	0.015927	0
421	0	807.21	0.15895	0	0	39.25	44.75	0	0.14937	0.015222	11.23	0.015291	0
422	0	807.24	0.15918	0	0	39.309	44.691	0	0.14995	0.017909	11.232	0.015328	0
423	0	807.26	0.15956	0	0	39.382	44.618	0	0.15022	0.019963	11.237	0.016682	0
424	0	807.29	0.16011	0	0	39.471	44.529	0	0.15072	0.023961	11.246	0.019874	0
425	0	807.31	0.16069	0	0	39.456	44.544	0	0.15124	0.028437	11.256	0.024189	0
426	0	807.34	0.16115	0	0	39.515	44.485	0	0.15156	0.031645	11.266	0.02814	0
427	0	807.37	0.16154	0	0	39.632	44.368	0	0.15181	0.034306	11.273	0.031776	0
428	0	807.4	0.16173	0	0	39.735	44.265	0	0.15187	0.035511	11.275	0.033908	0
429	0	807.43	0.16172	0	0	39.824	44.176	0	0.15176	0.035326	11.272	0.034578	0
430	0	807.46	0.16152	0	0	40	44	0	0.15145	0.033507	11.264	0.03372	0
431	0	807.48	0.16126	0	0	40.147	43.853	0	0.1511	0.031096	11.25	0.032119	0
432	0	807.51	0.16113	0	0	40.221	43.779	0	0.151	0.02929	11.231	0.030536	0
433	0	807.53	0.16101	0	0	40.309	43.691	0	0.15093	0.028062	11.209	0.029035	0
434	0	807.55	0.1609	0	0	40.324	43.676	0	0.15085	0.027026	11.185	0.027738	0
435	0	807.58	0.1608	0	0	40.353	43.647	0	0.15076	0.026258	11.158	0.026819	0
436	0	807.6	0.16071	0	0	40.324	43.676	0	0.15071	0.02611	11.128	0.026279	0
437	0	807.63	0.16065	0	0	40.456	43.544	0	0.15068	0.026126	11.095	0.025992	0
438	0	807.65	0.16058	0	0	40.529	43.471	0	0.15061	0.025887	11.06	0.025693	0
439	0	807.67	0.16049	0	0	40.632	43.368	0	0.15051	0.025597	11.022	0.025383	0
440	0	807.69	0.16042	0	0	40.676	43.324	0	0.15047	0.02581	10.982	0.025398	0
441	0	807.71	0.16033	0	0	40.838	43.162	0	0.15038	0.025728	10.941	0.025265	0
442	0	807.72	0.16022	0	0	40.985	43.015	0	0.15025	0.025245	10.898	0.024973	0
443	0	807.74	0.16012	0	0	41.029	42.971	0	0.15011	0.024579	10.855	0.024574	0
444	0	807.76	0.16002	0	0	41.147	42.853	0	0.14996	0.023866	10.811	0.024172	0
445	0	807.77	0.15999	0	0	41.221	42.779	0	0.14989	0.022932	10.767	0.023664	0
446	0	807.79	0.16021	0	0	41.235	42.765	0	0.15018	0.023211	10.724	0.023863	0
447	0	807.81	0.16059	0	0	41.294	42.706	0	0.15055	0.023825	10.681	0.02448	0
448	0	807.82	0.16115	0	0	41.338	42.662	0	0.15119	0.024662	10.64	0.025248	0
449	0	807.84	0.16168	0	0	41.397	42.603	0	0.15173	0.025915	10.599	0.026399	0
450	0	807.85	0.16212	0	0	41.471	42.529	0	0.15207	0.027068	10.56	0.027701	0
451	0	807.86	0.16246	0	0	41.471	42.529	0	0.15235	0.028188	10.522	0.028952	0
452	0	807.88	0.16266	0	0	41.485	42.515	0	0.1525	0.028897	10.486	0.029835	0
453	0	807.89	0.16265	0	0	41.544	42.456	0	0.15238	0.028534	10.452	0.029913	0
454	0	807.89	0.16242	0	0	41.647	42.353	0	0.15206	0.027301	10.42	0.029118	0
455	0	807.9	0.16206	0	0	41.706	42.294	0	0.15162	0.025532	10.391	0.027757	0
456	0	807.84	0.26005	0.029412	0	41.853	42.118	0	0.15313	0.029723	10.41	0.81345	0.24254
457	0	807.21	0.87337	0.16176	0	41.765	42.074	0	0.16567	0.12653	12.11	5.8742	1.3339
458	0	806.21	1.0324	0.20588	0	41.779	42.015	0	0.1785	0.23414	17.935	7.1886	1.6977
459	0	805.3	1.0194	0.22059	0	41.882	41.897	0	0.18501	0.28989	24.443	7.0837	1.819
460	0	804.42	1.0439	0.25	0	41.941	41.809	0	0.19319	0.35921	31.274	7.2884	2.0616
461	0	803.9	0.80617	0.17647	0.014706	42.074	41.735	0	0.18647	0.30581	35.325	5.33	1.4603
462	0	803.45	0.73079	0.11765	0.058824	42.044	41.779	0	0.18534	0.29835	38.974	4.7103	1.0847
463	0	802.99	0.81628	0.088235	0.13235	42.074	41.706	0	0.18915	0.33136	42.662	5.417	1.3117
464	0	802.62	0.71142	0.029412	0.16176	41.985	41.824	0	0.18722	0.31688	45.726	4.5538	1.3558
465	0	802.34	0.61452	0.029412	0.13235	42.029	41.809	0	0.18325	0.28528	48.027	3.756	1.118
466	0	802.19	0.45787	0	0.10294	42.147	41.75	0	0.17602	0.22698	49.314	2.4654	0.84887
467	0	802.15	0.31386	0	0.044118	42.221	41.735	0	0.16929	0.1728	49.714	1.2791	0.3638
468	0	802.19	0.26231	0	0.029412	42.206	41.765	0	0.16361	0.12715	49.482	0.85516	0.24254
469	0	802.23	0.25314	0	0.029412	42.25	41.721	0	0.16091	0.10606	49.197	0.78055	0.24254
470	0	802.31	0.21482	0	0.014706	42.25	41.735	0	0.15803	0.083555	48.679	0.46569	0.12127
471	0	802.39	0.20999	0	0.014706	42.324	41.662	0	0.15653	0.072242	48.179	0.42694	0.12127
472	0	802.46	0.20771	0	0.014706	42.294	41.691	0	0.1555	0.064714	47.695	0.40903	0.12127
473	0	802.54	0.17847	0	0	42.338	41.662	0	0.15424	0.055384	47.162	0.16922	0
474	0	802.65	0.17036	0	0	42.309	41.691	0	0.15295	0.045805	46.427	0.10363	0
475	0	802.76	0.16659	0	0	42.426	41.574	0	0.15214	0.040094	45.701	0.073802	0
476	0	802.87	0.1646	0	0	42.574	41.426	0	0.1516	0.036018	44.985	0.058337	0
477	0	802.97	0.16348	0	0	42.559	41.441	0	0.15127	0.032974	44.276	0.049443	0
478	0	803.08	0.16293	0	0	42.647	41.353	0	0.15145	0.030828	43.575	0.043827	0
479	0	803.19	0.16301	0	0	42.721	41.279	0	0.15238	0.031614	42.882	0.040378	0
480	0	803.31	0.16333	0	0	42.75	41.25	0	0.15308	0.033961	42.198	0.038872	0
481	0	803.42	0.16367	0	0	42.853	41.147	0	0.15343	0.035653	41.521	0.038704	0
482	0	803.54	0.16429	0	0	42.971	41.029	0	0.15388	0.036512	40.851	0.03916	0
483	0	803.65	0.16489	0	0	42.985	41.015	0	0.15413	0.036201	40.188	0.039699	0
484	0	803.76	0.16529	0	0	43.059	40.941	0	0.15435	0.036834	39.531	0.040571	0
485	0	803.86	0.16588	0	0	43.162	40.838	0	0.15472	0.037676	38.881	0.042096	0
486	0	803.96	0.16616	0	0	43.265	40.735	0	0.15481	0.037568	38.237	0.04296	0
487	0	804.06	0.16626	0	0	43.353	40.647	0	0.15479	0.037017	37.599	0.043263	0
488	0	804.15	0.16623	0	0	43.338	40.662	0	0.15471	0.036328	36.967	0.043078	0
489	0	804.24	0.16602	0	0	43.368	40.632	0	0.15446	0.034723	36.342	0.041933	0
490	0	804.33	0.16578	0	0	43.412	40.588	0	0.1543	0.033761	35.725	0.040703	0
491	0	804.41	0.16527	0	0	43.515	40.485	0	0.15388	0.031856	35.114	0.038317	0
492	0	804.49	0.16477	0	0	43.588	40.412	0	0.15351	0.030384	34.512	0.036024	0
493	0	804.57	0.16443	0	0	43.794	40.206	0	0.15338	0.029453	33.917	0.033996	0
494	0	804.65	0.16434	0	0	43.809	40.191	0	0.1535	0.029642	33.331	0.032849	0
495	0	804.72	0.16427	0	0	43.926	40.074	0	0.15356	0.030057	32.753	0.032356	0
496	0	804.79	0.16418	0	0	43.956	40.044	0	0.15349	0.030056	32.184	0.032068	0
497	0	804.86	0.16401	0	0	43.985	40.015	0	0.15329	0.029509	31.624	0.031608	0
498	0	804.93	0.16385	0	0	44.088	39.912	0	0.15312	0.029165	31.073	0.031263	0
499	0	805	0.16373	0	0	44.132	39.868	0	0.15303	0.029166	30.531	0.031116	0
500	0	805.06	0.16354	0	0	44.176	39.824	0	0.15283	0.028642	29.999	0.030719	0
501	0	805.12	0.16329	0	0	44.25	39.75	0	0.15255	0.027727	29.476	0.030003	0
502	0	805.19	0.16302	0	0	44.25	39.75	0	0.15226	0.026743	28.963	0.029197	0
503	0	805.25	0.16277	0	0	44.353	39.647	0	0.15202	0.025979	28.46	0.028451	0
504	0	805.31	0.1625	0	0	44.471	39.529	0	0.15176	0.025162	27.966	0.027654	0
505	0	805.37	0.16218	0	0	44.529	39.471	0	0.15143	0.023978	27.482	0.026606	0
506	0	805.43	0.16188	0	0	44.632	39.368	0	0.15116	0.023054	27.009	0.025673	0
507	0	805.49	0.16163	0	0	44.676	39.324	0	0.15092	0.02232	26.545	0.024889	0
508	0	805.54	0.16145	0	0	44.662	39.338	0	0.15083	0.022047	26.092	0.024424	0
509	0	805.6	0.16129	0	0	44.691	39.309	0	0.15079	0.021462	25.648	0.023822	0
510	0	805.66	0.16116	0	0	44.691	39.309	0	0.15071	0.020971	25.214	0.02327	0
511	0	805.72	0.16104	0	0	44.75	39.25	0	0.15066	0.020574	24.79	0.022781	0
512	0	805.77	0.16099	0	0	44.794	39.206	0	0.15067	0.020526	24.376	0.022513	0
513	0	805.83	0.16093	0	0	44.853	39.147	0	0.15065	0.020434	23.972	0.022269	0
514	0	805.89	0.16085	0	0	44.882	39.118	0	0.15059	0.020185	23.579	0.021954	0
515	0	805.95	0.16075	0	0	44.897	39.103	0	0.1505	0.01986	23.195	0.021568	0
516	0	806	0.16066	0	0	45	39	0	0.15044	0.019596	22.821	0.021184	0
517	0	806.06	0.16057	0	0	45.088	38.912	0	0.15035	0.019354	22.456	0.020882	0
518	0	806.11	0.16048	0	0	45.132	38.868	0	0.15026	0.019135	22.102	0.020608	0
519	0	806.16	0.16038	0	0	45.235	38.765	0	0.15016	0.018897	21.757	0.020348	0
520	0	806.22	0.16027	0	0	45.265	38.735	0	0.15004	0.018619	21.422	0.020085	0
521	0	806.27	0.16016	0	0	45.338	38.662	0	0.14991	0.018323	21.096	0.019815	0
522	0	806.32	0.16004	0	0	45.338	38.662	0	0.14979	0.018075	20.779	0.019581	0
523	0	806.37	0.15993	0	0	45.338	38.662	0	0.14968	0.017851	20.471	0.019356	0
524	0	806.42	0.15982	0	0	45.412	38.588	0	0.14956	0.01754	20.171	0.019065	0
525	0	806.47	0.15969	0	0	45.456	38.544	0	0.14943	0.017137	19.881	0.018701	0
526	0	806.53	0.15958	0	0	45.471	38.529	0	0.14932	0.016808	19.598	0.018354	0
527	0	806.58	0.15949	0	0	45.485	38.515	0	0.14925	0.016642	19.324	0.018125	0
528	0	806.63	0.15941	0	0	45.5	38.5	0	0.14918	0.016456	19.057	0.017915	0
529	0	806.68	0.15932	0	0	45.426	38.574	0	0.1491	0.016254	18.798	0.017711	0
530	0	806.73	0.15924	0	0	45.5	38.5	0	0.14902	0.015963	18.547	0.017435	0
531	0	806.78	0.15918	0	0	45.544	38.456	0	0.149	0.01571	18.303	0.017178	0
532	0	806.83	0.15914	0	0	45.632	38.368	0	0.14899	0.01557	18.067	0.016977	0
533	0	806.88	0.15909	0	0	45.721	38.279	0	0.14896	0.015363	17.837	0.01675	0
534	0	806.93	0.15906	0	0	45.75	38.25	0	0.14895	0.015206	17.614	0.016546	0
535	0	806.98	0.15916	0	0	45.882	38.118	0	0.1491	0.015034	17.398	0.016323	0
536	0	807.03	0.15948	0	0	46	38	0	0.14951	0.015408	17.189	0.016411	0
537	0	807.08	0.15985	0	0	46.029	37.971	0	0.14992	0.016594	16.986	0.017177	0
538	0	807.13	0.16015	0	0	46.059	37.941	0	0.15022	0.017972	16.79	0.018292	0
539	0	807.18	0.16028	0	0	46.074	37.926	0	0.15026	0.018446	16.6	0.019046	0
540	0	807.23	0.16044	0	0	46.118	37.882	0	0.15042	0.019568	16.416	0.02005	0
541	0	807.27	0.16049	0	0	46.088	37.912	0	0.15043	0.019996	16.238	0.020623	0
542	0	807.32	0.16042	0	0	46.118	37.882	0	0.1503	0.019569	16.066	0.020545	0
543	0	807.36	0.16041	0	0	46.221	37.779	0	0.15031	0.018949	15.899	0.020045	0
544	0	807.4	0.16031	0	0	46.324	37.676	0	0.15015	0.01783	15.737	0.019138	0
545	0	807.44	0.16043	0	0	46.412	37.588	0	0.1504	0.018025	15.581	0.01882	0
546	0	807.48	0.1605	0	0	46.441	37.559	0	0.15049	0.018311	15.43	0.01882	0
547	0	807.52	0.16055	0	0	46.485	37.515	0	0.15056	0.018537	15.283	0.018929	0
548	0	807.56	0.16089	0	0	46.559	37.441	0	0.15103	0.019474	15.142	0.01955	0
549	0	807.6	0.16121	0	0	46.529	37.471	0	0.1514	0.020286	15.005	0.020247	0
550	0	807.63	0.16197	0	0	46.588	37.412	0	0.15227	0.023509	14.873	0.022812	0
551	0	807.66	0.16282	0	0	46.588	37.412	0	0.15324	0.028137	14.745	0.026426	0
552	0	807.63	0.30594	0.044118	0	46.603	37.353	0	0.15599	0.035388	14.592	1.1736	0.3638
553	0	807.23	0.49812	0.073529	0	46.603	37.324	0	0.16249	0.076725	14.787	2.7563	0.60634
554	0	806.77	0.52264	0.073529	0	46.588	37.338	0	0.16644	0.10913	16.019	2.9591	0.60634
555	0	805.88	1.09	0.22059	0	46.441	37.338	0	0.18201	0.23726	20.447	7.6388	1.819
556	0	805.04	0.92298	0.19118	0	46.456	37.353	0	0.18568	0.26942	25.939	6.2635	1.5765
557	0	804.35	0.91431	0.20588	0	46.456	37.338	0	0.1883	0.29358	30.986	6.1941	1.6977
558	0	803.73	0.86624	0.20588	0	46.5	37.294	0	0.19063	0.31547	35.716	5.8001	1.6977
559	0	803.14	1.0138	0.26471	0.014706	46.324	37.397	0	0.19618	0.36401	40.396	7.0198	2.1862
560	0	802.56	0.95633	0.20588	0.073529	46.353	37.368	0	0.20033	0.4014	45.031	6.5488	1.8028
561	0	802.1	0.89869	0.16176	0.11765	46.25	37.471	0	0.19818	0.38617	48.744	6.0762	1.6494
562	0	801.71	0.73753	0.13235	0.088235	46.221	37.559	0	0.19569	0.36804	51.912	4.7498	1.3117
563	0	801.52	0.54911	0.029412	0.11765	46.265	37.588	0	0.18579	0.28883	53.55	3.1984	1
564	0	801.42	0.43773	0.014706	0.088235	46.265	37.632	0	0.1782	0.22824	54.415	2.2819	0.73764
565	0	801.4	0.3616	0	0.073529	46.338	37.588	0	0.17203	0.17946	54.697	1.656	0.60634
566	0	801.41	0.34669	0	0.073529	46.382	37.544	0	0.16815	0.14895	54.749	1.5345	0.60634
567	0	801.29	0.52399	0.044118	0.088235	46.397	37.471	0	0.17062	0.14893	55.043	2.1436	0.81349
568	0	800.78	0.83266	0.11765	0.058824	46.426	37.397	0	0.17596	0.15557	55.391	4.4246	1.0847
569	0	799.97	1.056	0.17647	0.029412	46.426	37.368	0	0.18733	0.23217	56.246	6.8317	1.4651
570	0	799.12	0.93116	0.16176	0.029412	46.426	37.382	0	0.19091	0.27167	57.874	5.9264	1.3448
571	0	798.46	1.0599	0.22059	0.029412	46.397	37.353	0	0.1949	0.3099	59.796	7.0181	1.827
572	0	797.71	1.1202	0.25	0.044118	46.368	37.338	0	0.20396	0.38958	62.67	7.5408	2.0791
573	0	797.1	1.1533	0.22059	0.11765	46.309	37.353	0	0.20727	0.42068	65.443	7.8243	2.0102
574	0	796.59	0.91494	0.088235	0.17647	46.206	37.529	0	0.20634	0.40962	68.094	5.6337	1.4318
575	0	796.35	0.6468	0.073529	0.088235	46.147	37.691	0	0.19549	0.33181	69.438	3.8473	0.94713
576	0	796.25	0.60564	0.058824	0.10294	46.088	37.75	0	0.18872	0.28265	70.096	3.5742	0.97769
577	0	796.2	0.49165	0.014706	0.10294	46.147	37.735	0	0.1833	0.24157	70.522	2.6641	0.85749
578	0	796.19	0.50236	0.014706	0.11765	46.191	37.676	0	0.17995	0.21755	70.712	2.7679	0.97769
579	0	796.19	0.46471	0.014706	0.10294	46.235	37.647	0	0.17755	0.20098	70.879	2.4665	0.85749
580	0	796.23	0.36938	0.014706	0.058824	46.279	37.647	0	0.17397	0.17477	70.822	1.6866	0.5
581	0	796.32	0.35577	0.014706	0.058824	46.279	37.647	0	0.17069	0.15092	70.519	1.5791	0.5
582	0	796.46	0.23414	0.014706	0	46.324	37.662	0	0.16557	0.11272	69.864	0.5811	0.12127
583	0	796.64	0.21823	0.014706	0	46.368	37.618	0	0.16244	0.09053	68.963	0.45373	0.12127
584	0	796.82	0.18869	0	0	46.515	37.485	0	0.16049	0.077223	68.07	0.21472	0
585	0	797.02	0.17804	0	0	46.515	37.485	0	0.15826	0.06196	67.029	0.13117	0
586	0	797.22	0.17307	0	0	46.574	37.426	0	0.15698	0.053846	66	0.093949	0
587	0	797.42	0.17032	0	0	46.618	37.382	0	0.15602	0.048206	64.983	0.074643	0
588	0	797.62	0.16861	0	0	46.662	37.338	0	0.15528	0.044097	63.976	0.063501	0
589	0	797.81	0.16745	0	0	46.647	37.353	0	0.15469	0.040981	62.979	0.056435	0
590	0	798.01	0.1666	0	0	46.632	37.368	0	0.15421	0.038525	61.992	0.051566	0
591	0	798.2	0.16594	0	0	46.75	37.25	0	0.1538	0.03652	61.014	0.047965	0
592	0	798.39	0.16539	0	0	46.809	37.191	0	0.15344	0.034835	60.046	0.045143	0
593	0	798.58	0.16493	0	0	46.809	37.191	0	0.15313	0.033384	59.088	0.042832	0
594	0	798.77	0.16452	0	0	46.853	37.147	0	0.15284	0.03211	58.139	0.040871	0
595	0	798.96	0.16415	0	0	46.926	37.074	0	0.15257	0.030975	57.201	0.039165	0
596	0	799.15	0.16383	0	0	46.882	37.118	0	0.15236	0.029956	56.272	0.037652	0
597	0	799.33	0.16354	0	0	46.941	37.059	0	0.15215	0.029024	55.354	0.036288	0
598	0	799.52	0.16326	0	0	47	37	0	0.15195	0.028168	54.446	0.035046	0
599	0	799.7	0.16302	0	0	47.029	36.971	0	0.15179	0.02739	53.548	0.033907	0
600	0	799.88	0.16279	0	0	47.132	36.868	0	0.15163	0.02666	52.662	0.032853	0
601	0	800.06	0.16256	0	0	47.162	36.838	0	0.15145	0.025968	51.786	0.03187	0
602	0	800.24	0.16234	0	0	47.103	36.897	0	0.15127	0.025313	50.92	0.030949	0
603	0	800.42	0.16213	0	0	47.147	36.853	0	0.1511	0.024698	50.066	0.030084	0
604	0	800.59	0.16192	0	0	47.176	36.824	0	0.15093	0.024106	49.223	0.029267	0
605	0	800.76	0.16172	0	0	47.206	36.794	0	0.15076	0.023541	48.391	0.028492	0
606	0	800.94	0.16152	0	0	47.25	36.75	0	0.15059	0.022999	47.571	0.027757	0
607	0	801.11	0.16132	0	0	47.235	36.765	0	0.15042	0.022475	46.762	0.027056	0
608	0	801.28	0.16114	0	0	47.235	36.765	0	0.15028	0.02198	45.964	0.02639	0
609	0	801.44	0.16096	0	0	47.309	36.691	0	0.15014	0.021508	45.178	0.025756	0
610	0	801.61	0.1608	0	0	47.279	36.721	0	0.15003	0.021065	44.404	0.025154	0
611	0	801.77	0.16065	0	0	47.294	36.706	0	0.14992	0.020648	43.641	0.024582	0
612	0	801.94	0.16051	0	0	47.382	36.618	0	0.14981	0.020252	42.89	0.024037	0
613	0	802.1	0.16037	0	0	47.515	36.485	0	0.14971	0.01988	42.151	0.02352	0
614	0	802.26	0.16024	0	0	47.515	36.485	0	0.14962	0.019525	41.423	0.023028	0
615	0	802.42	0.16012	0	0	47.574	36.426	0	0.14953	0.019194	40.708	0.02256	0
616	0	802.57	0.15999	0	0	47.618	36.382	0	0.14943	0.018868	40.004	0.022111	0
617	0	802.73	0.15987	0	0	47.676	36.324	0	0.14933	0.018553	39.312	0.02168	0
618	0	802.88	0.15974	0	0	47.706	36.294	0	0.1492	0.018223	38.632	0.021259	0
619	0	803.03	0.1596	0	0	47.75	36.25	0	0.14907	0.017894	37.963	0.020846	0
620	0	803.18	0.15946	0	0	47.706	36.294	0	0.14894	0.017573	37.307	0.020445	0
621	0	803.32	0.15932	0	0	47.721	36.279	0	0.14881	0.017263	36.662	0.020057	0
622	0	803.47	0.15919	0	0	47.706	36.294	0	0.14869	0.016969	36.029	0.019681	0
623	0	803.61	0.15905	0	0	47.721	36.279	0	0.14857	0.016685	35.408	0.01932	0
624	0	803.76	0.15892	0	0	47.706	36.294	0	0.14845	0.016405	34.799	0.018968	0
625	0	803.9	0.1588	0	0	47.809	36.191	0	0.14834	0.016131	34.202	0.018626	0
626	0	804.04	0.15867	0	0	47.809	36.191	0	0.14823	0.015868	33.616	0.018296	0
627	0	804.17	0.15856	0	0	47.853	36.147	0	0.14814	0.015627	33.041	0.017986	0
628	0	804.31	0.15846	0	0	47.926	36.074	0	0.14806	0.015414	32.478	0.017701	0
629	0	804.44	0.15836	0	0	47.941	36.059	0	0.14799	0.015222	31.927	0.017438	0
630	0	804.58	0.15827	0	0	47.926	36.074	0	0.14792	0.01504	31.387	0.017189	0
631	0	804.71	0.15819	0	0	47.897	36.103	0	0.14786	0.014899	30.858	0.016964	0
632	0	804.84	0.15813	0	0	48	36	0	0.14784	0.014971	30.34	0.016834	0
633	0	804.97	0.15808	0	0	48.029	35.971	0	0.14783	0.015077	29.833	0.016759	0
634	0	805.09	0.15803	0	0	48.029	35.971	0	0.14782	0.015208	29.338	0.016723	0
635	0	805.22	0.15799	0	0	48.132	35.868	0	0.14781	0.015326	28.853	0.0167	0
636	0	805.34	0.15794	0	0	48.206	35.794	0	0.14777	0.015359	28.379	0.016662	0
637	0	805.47	0.15789	0	0	48.265	35.735	0	0.14772	0.015308	27.916	0.016583	0
638	0	805.59	0.15783	0	0	48.279	35.721	0	0.14766	0.015191	27.464	0.016462	0
639	0	805.7	0.15776	0	0	48.294	35.706	0	0.1476	0.015009	27.023	0.016303	0
640	0	805.82	0.1577	0	0	48.368	35.632	0	0.14754	0.014768	26.593	0.016097	0
641	0	805.93	0.15764	0	0	48.397	35.603	0	0.14749	0.014536	26.175	0.01587	0
642	0	806.05	0.1576	0	0	48.382	35.618	0	0.14746	0.014293	25.767	0.015634	0
643	0	806.16	0.15757	0	0	48.471	35.529	0	0.14744	0.01403	25.369	0.015383	0
644	0	806.27	0.15756	0	0	48.5	35.5	0	0.14745	0.01381	24.983	0.015145	0
645	0	806.38	0.15755	0	0	48.529	35.471	0	0.14748	0.013607	24.606	0.01492	0
646	0	806.48	0.15757	0	0	48.544	35.456	0	0.14751	0.01341	24.24	0.01471	0
647	0	806.58	0.1576	0	0	48.574	35.426	0	0.14756	0.013246	23.883	0.01452	0
648	0	806.69	0.15763	0	0	48.603	35.397	0	0.1476	0.013112	23.536	0.014359	0
649	0	806.78	0.15764	0	0	48.662	35.338	0	0.1476	0.012988	23.198	0.014217	0
650	0	806.88	0.15768	0	0	48.691	35.309	0	0.1476	0.012861	22.869	0.014085	0
651	0	806.98	0.15823	0	0	48.721	35.279	0	0.14807	0.013452	22.549	0.014863	0
652	0	807.07	0.15907	0	0	48.779	35.221	0	0.14877	0.015948	22.238	0.018364	0
653	0	807.16	0.1596	0	0	48.765	35.235	0	0.14916	0.017663	21.935	0.021372	0
654	0	807.24	0.15984	0	0	48.721	35.279	0	0.1493	0.018306	21.641	0.022938	0
655	0	807.33	0.16	0	0	48.779	35.221	0	0.14939	0.018829	21.354	0.02405	0
656	0	807.41	0.16016	0	0	48.824	35.176	0	0.14952	0.019341	21.076	0.024875	0
657	0	807.48	0.16054	0	0	48.853	35.147	0	0.14999	0.020624	20.805	0.02583	0
658	0	807.56	0.16069	0	0	48.868	35.132	0	0.15014	0.021117	20.541	0.025973	0
659	0	807.63	0.16078	0	0	48.941	35.059	0	0.15022	0.021411	20.286	0.02586	0
660	0	807.7	0.16086	0	0	49	35	0	0.15031	0.021936	20.037	0.025898	0
661	0	807.76	0.16086	0	0	49.029	34.971	0	0.15033	0.022304	19.794	0.025578	0
662	0	807.82	0.16076	0	0	49.044	34.956	0	0.15026	0.022325	19.559	0.025099	0
663	0	807.88	0.16053	0	0	49.059	34.941	0	0.15003	0.021614	19.329	0.02411	0
664	0	807.94	0.16029	0	0	49.191	34.809	0	0.14982	0.020928	19.106	0.023203	0
665	0	808	0.16009	0	0	49.25	34.75	0	0.14967	0.020718	18.889	0.022597	0
666	0	808.05	0.15986	0	0	49.309	34.691	0	0.14946	0.019987	18.678	0.021792	0
667	0	808.1	0.1596	0	0	49.426	34.574	0	0.14921	0.019058	18.474	0.020839	0
668	0	808.15	0.15929	0	0	49.471	34.529	0	0.14891	0.017751	18.275	0.019622	0
669	0	808.2	0.159	0	0	49.515	34.485	0	0.14863	0.016569	18.082	0.018462	0
670	0	808.25	0.15873	0	0	49.456	34.544	0	0.14838	0.015562	17.894	0.017409	0
671	0	808.29	0.15848	0	0	49.544	34.456	0	0.14815	0.014693	17.713	0.016495	0
672	0	808.34	0.15827	0	0	49.5	34.5	0	0.14796	0.014043	17.537	0.015763	0
673	0	808.38	0.15808	0	0	49.515	34.485	0	0.14779	0.013526	17.366	0.015171	0
674	0	808.43	0.15792	0	0	49.632	34.368	0	0.14765	0.013102	17.202	0.014684	0
675	0	808.47	0.15777	0	0	49.662	34.338	0	0.14752	0.012732	17.042	0.014273	0
676	0	808.51	0.15764	0	0	49.735	34.265	0	0.14739	0.01239	16.889	0.013911	0
677	0	808.56	0.15752	0	0	49.706	34.294	0	0.14728	0.012106	16.74	0.013595	0
678	0	808.6	0.1574	0	0	49.75	34.25	0	0.14717	0.011841	16.597	0.01331	0
679	0	808.65	0.15729	0	0	49.765	34.235	0	0.14707	0.011592	16.458	0.013046	0
680	0	808.69	0.15719	0	0	49.882	34.118	0	0.14697	0.011364	16.325	0.012802	0
681	0	808.73	0.15709	0	0	49.897	34.103	0	0.14688	0.011152	16.195	0.012573	0
682	0	808.78	0.157	0	0	49.882	34.118	0	0.1468	0.010954	16.071	0.012357	0
683	0	808.82	0.15692	0	0	49.941	34.059	0	0.14672	0.010766	15.95	0.012152	0
684	0	808.86	0.15686	0	0	49.971	34.029	0	0.14668	0.01059	15.834	0.011956	0
685	0	808.91	0.15688	0	0	50.059	33.941	0	0.14673	0.010484	15.721	0.0118	0
686	0	808.96	0.1569	0	0	50.059	33.941	0	0.14677	0.010452	15.611	0.011696	0
687	0	808.84	0.3734	0.058824	0	50.044	33.897	0	0.15108	0.036635	15.433	1.785	0.48507
688	0	808.02	0.90319	0.16176	0	50	33.838	0	0.16689	0.16512	16.847	6.1532	1.3339
689	0	807.16	0.8624	0.16176	0	50.074	33.765	0	0.17378	0.22151	21.019	5.8166	1.3339
690	0	806.45	0.81986	0.13235	0.029412	50.118	33.721	0	0.177	0.24778	25.708	5.4657	1.118
691	0	805.84	0.82976	0.14706	0.029412	50.088	33.735	0	0.18043	0.27584	30.201	5.5471	1.2367
692	0	805.29	0.70055	0.14706	0	50.147	33.706	0	0.18094	0.27966	34.48	4.4813	1.2127
693	0	804.8	0.87619	0.20588	0.014706	50.059	33.721	0	0.18568	0.31831	38.473	5.9294	1.7021
694	0	804.33	0.80133	0.14706	0.058824	50.088	33.706	0	0.1878	0.33564	42.425	5.312	1.3061
695	0	803.98	0.68743	0.11765	0.058824	49.941	33.882	0	0.1845	0.30832	45.438	4.3728	1.0847
696	0	803.7	0.62493	0.073529	0.088235	49.956	33.882	0	0.183	0.29566	47.948	3.8573	0.94713
697	0	803.54	0.56144	0.058824	0.088235	49.838	34.015	0	0.17736	0.24843	49.467	3.3334	0.87447
698	0	803.4	0.46161	0.058824	0.044118	49.838	34.059	0	0.17512	0.22925	50.916	2.5097	0.60634
699	0	803.36	0.37557	0.014706	0.058824	49.882	34.044	0	0.16936	0.18104	51.512	1.7996	0.5
700	0	803.36	0.33505	0	0.058824	49.941	34	0	0.16623	0.15475	51.812	1.4649	0.48507
701	0	803.45	0.22446	0	0.014706	49.956	34.029	0	0.16028	0.10528	51.321	0.55254	0.12127
702	0	803.55	0.21459	0	0.014706	49.985	34	0	0.15798	0.085899	50.797	0.47075	0.12127
703	0	803.67	0.2032	0	0.014706	50.088	33.897	0	0.15567	0.066756	50.102	0.37643	0.12127
704	0	803.76	0.20478	0	0.014706	50.088	33.897	0	0.15577	0.062568	49.572	0.38764	0.12127
705	0	803.85	0.20565	0	0.014706	50.074	33.912	0	0.15719	0.060972	49.054	0.38838	0.12127
706	0	803.94	0.20607	0	0.014706	50.118	33.868	0	0.15753	0.060142	48.546	0.38732	0.12127
707	0	804.03	0.20687	0	0.014706	50.118	33.868	0	0.15911	0.066696	48.049	0.38664	0.12127
708	0	804.11	0.20736	0	0.014706	50.176	33.809	0	0.15918	0.067055	47.561	0.3866	0.12127
709	0	804.19	0.20838	0	0.014706	50.191	33.794	0	0.15981	0.067748	47.081	0.38711	0.12127
710	0	804.26	0.2371	0	0.029412	50.176	33.794	0	0.16091	0.069929	46.638	0.61338	0.24254
711	0	804.29	0.24778	0	0.029412	50.265	33.706	0	0.16163	0.070928	46.455	0.69443	0.24254
712	0	804.32	0.25171	0	0.029412	50.279	33.691	0	0.16148	0.069042	46.273	0.72289	0.24254
713	0	804.38	0.21728	0	0.014706	50.294	33.691	0	0.16018	0.060792	45.861	0.43894	0.12127
714	0	804.43	0.21511	0	0.014706	50.309	33.676	0	0.15928	0.05652	45.454	0.42425	0.12127
715	0	804.49	0.21261	0	0.014706	50.353	33.632	0	0.15849	0.052651	45.008	0.40721	0.12127
716	0	804.55	0.20733	0	0.014706	50.382	33.603	0	0.15767	0.04782	44.451	0.36629	0.12127
717	0	804.56	0.27791	0	0.044118	50.382	33.574	0	0.15919	0.059021	44.362	0.94922	0.3638
718	0	804.51	0.29706	0	0.044118	50.397	33.559	0	0.16088	0.072589	44.661	1.1099	0.3638
719	0	804.52	0.25789	0	0.029412	50.471	33.5	0	0.16	0.06386	44.531	0.78904	0.24254
720	0	804.58	0.18372	0	0	50.515	33.485	0	0.15793	0.04783	43.972	0.18011	0
721	0	804.66	0.17422	0	0	50.485	33.515	0	0.15764	0.043806	43.244	0.10231	0
722	0	804.73	0.17056	0	0	50.5	33.5	0	0.15875	0.050786	42.526	0.069809	0
723	0	804.81	0.16941	0	0	50.559	33.441	0	0.16054	0.065788	41.818	0.05743	0
724	0	804.88	0.16887	0	0	50.544	33.456	0	0.16073	0.069446	41.119	0.053239	0
725	0	804.96	0.16854	0	0	50.603	33.397	0	0.16054	0.069933	40.427	0.051789	0
726	0	805.02	0.1682	0	0	50.632	33.368	0	0.16009	0.068094	39.743	0.050676	0
727	0	805.09	0.16766	0	0	50.647	33.353	0	0.15898	0.060966	39.068	0.048296	0
728	0	805.15	0.16704	0	0	50.662	33.338	0	0.1579	0.054324	38.4	0.045417	0
729	0	805.22	0.1664	0	0	50.735	33.265	0	0.15683	0.048141	37.741	0.042483	0
730	0	805.28	0.16568	0	0	50.75	33.25	0	0.15569	0.041225	37.09	0.039065	0
731	0	805.33	0.16503	0	0	50.706	33.294	0	0.1548	0.036104	36.448	0.035997	0
732	0	805.39	0.16449	0	0	50.735	33.265	0	0.15422	0.033188	35.815	0.033641	0
733	0	805.45	0.16406	0	0	50.765	33.235	0	0.15378	0.031233	35.191	0.03184	0
734	0	805.5	0.16371	0	0	50.794	33.206	0	0.15347	0.030136	34.577	0.030519	0
735	0	805.56	0.16334	0	0	50.794	33.206	0	0.15307	0.028503	33.972	0.029197	0
736	0	805.61	0.16301	0	0	50.824	33.176	0	0.1527	0.02711	33.376	0.028019	0
737	0	805.66	0.16273	0	0	50.882	33.118	0	0.15249	0.026659	32.79	0.027155	0
738	0	805.72	0.16248	0	0	50.926	33.074	0	0.15224	0.025879	32.214	0.026373	0
739	0	805.77	0.16219	0	0	50.912	33.088	0	0.15188	0.024381	31.647	0.025429	0
740	0	805.83	0.16193	0	0	51	33	0	0.1516	0.023355	31.09	0.024576	0
741	0	805.88	0.16168	0	0	51.074	32.926	0	0.15132	0.02231	30.543	0.023736	0
742	0	805.94	0.16143	0	0	51.132	32.868	0	0.15106	0.021357	30.006	0.022946	0
743	0	805.99	0.16117	0	0	51.147	32.853	0	0.15074	0.020048	29.479	0.022072	0
744	0	806.05	0.16093	0	0	51.265	32.735	0	0.15048	0.019112	28.961	0.021286	0
745	0	806.1	0.1607	0	0	51.294	32.706	0	0.15025	0.018334	28.454	0.020572	0
746	0	806.16	0.16051	0	0	51.25	32.75	0	0.15007	0.017654	27.956	0.019919	0
747	0	806.22	0.16036	0	0	51.25	32.75	0	0.14992	0.017051	27.468	0.01932	0
748	0	806.27	0.16024	0	0	51.309	32.691	0	0.14982	0.016516	26.989	0.018775	0
749	0	806.33	0.16014	0	0	51.368	32.632	0	0.14978	0.016055	26.521	0.018282	0
750	0	806.39	0.16007	0	0	51.368	32.632	0	0.14974	0.015662	26.062	0.017836	0
751	0	806.45	0.15998	0	0	51.441	32.559	0	0.14968	0.015306	25.612	0.017419	0
752	0	806.51	0.1599	0	0	51.382	32.618	0	0.14963	0.014991	25.172	0.017031	0
753	0	806.56	0.15981	0	0	51.353	32.647	0	0.14958	0.014695	24.742	0.01666	0
754	0	806.62	0.15973	0	0	51.324	32.676	0	0.14952	0.014415	24.321	0.016306	0
755	0	806.68	0.15964	0	0	51.353	32.647	0	0.14944	0.014126	23.908	0.01596	0
756	0	806.73	0.15953	0	0	51.338	32.662	0	0.14935	0.013819	23.506	0.015614	0
757	0	806.79	0.15943	0	0	51.426	32.574	0	0.14926	0.01355	23.112	0.015277	0
758	0	806.85	0.15933	0	0	51.441	32.559	0	0.14916	0.013281	22.728	0.014954	0
759	0	806.9	0.15923	0	0	51.485	32.515	0	0.14906	0.013007	22.352	0.014639	0
760	0	806.96	0.15912	0	0	51.5	32.5	0	0.14895	0.012724	21.986	0.014328	0
761	0	807.01	0.15901	0	0	51.5	32.5	0	0.14883	0.012435	21.628	0.014025	0
762	0	807.07	0.1589	0	0	51.588	32.412	0	0.14871	0.012155	21.279	0.013727	0
763	0	807.12	0.15878	0	0	51.618	32.382	0	0.14859	0.011885	20.938	0.013438	0
764	0	807.17	0.15867	0	0	51.765	32.235	0	0.14847	0.011618	20.606	0.013156	0
765	0	807.23	0.15855	0	0	51.75	32.25	0	0.14835	0.011365	20.282	0.012884	0
766	0	807.28	0.15843	0	0	51.809	32.191	0	0.14824	0.011127	19.966	0.012622	0
767	0	807.33	0.15832	0	0	51.794	32.206	0	0.14813	0.010892	19.658	0.012366	0
768	0	807.39	0.15822	0	0	51.809	32.191	0	0.14803	0.010671	19.358	0.012118	0
769	0	807.44	0.15811	0	0	51.838	32.162	0	0.14793	0.01046	19.065	0.01188	0
770	0	807.49	0.15802	0	0	51.809	32.191	0	0.14785	0.010267	18.78	0.011652	0
771	0	807.55	0.15792	0	0	51.824	32.176	0	0.14776	0.010072	18.503	0.011432	0
772	0	807.6	0.15783	0	0	51.882	32.118	0	0.14767	0.0098825	18.232	0.011218	0
773	0	807.65	0.15774	0	0	51.912	32.088	0	0.14758	0.0097033	17.969	0.011011	0
774	0	807.71	0.15765	0	0	51.912	32.088	0	0.14749	0.0095299	17.713	0.010812	0
775	0	807.76	0.15756	0	0	51.926	32.074	0	0.14741	0.00936	17.464	0.010617	0
776	0	807.81	0.15747	0	0	51.971	32.029	0	0.14732	0.0092008	17.221	0.010429	0
777	0	807.86	0.15738	0	0	52.015	31.985	0	0.14724	0.0090481	16.986	0.010247	0
778	0	807.92	0.15729	0	0	52	32	0	0.14716	0.0089015	16.756	0.010071	0
779	0	807.94	0.20396	0.014706	0	52.044	31.941	0	0.14795	0.011595	16.546	0.38598	0.12127
780	0	807.72	0.45201	0.073529	0	52.015	31.912	0	0.15337	0.053511	16.612	2.432	0.60634
781	0	806.79	1.0608	0.20588	0	51.868	31.926	0	0.1729	0.21391	19.692	7.4528	1.6977
782	0	806.02	0.88381	0.17647	0	51.926	31.897	0	0.17415	0.22392	24.088	5.9934	1.4552
783	0	805.19	1.0338	0.23529	0	51.868	31.897	0	0.18466	0.31018	29.877	7.2302	1.9403
784	0	804.41	1.009	0.23529	0.014706	51.838	31.912	0	0.19139	0.36512	35.862	7.0255	1.9441
785	0	803.74	0.90239	0.20588	0.029412	51.735	32.029	0	0.19478	0.39239	41.231	6.1467	1.715
786	0	803.45	0.62425	0.13235	0.014706	51.691	32.162	0	0.18332	0.29749	43.825	3.853	1.0981
787	0	803.19	0.53855	0.088235	0.029412	51.574	32.309	0	0.18179	0.28471	46.257	3.1463	0.76696
788	0	803.09	0.47036	0.073529	0.029412	51.485	32.412	0	0.17429	0.22276	47.413	2.584	0.65305
789	0	802.99	0.42835	0.029412	0.058824	51.426	32.485	0	0.1718	0.20231	48.53	2.2377	0.54233
790	0	802.96	0.37826	0	0.073529	51.397	32.529	0	0.16772	0.16873	49.113	1.8247	0.60634
791	0	802.99	0.30173	0.014706	0.029412	51.441	32.515	0	0.16376	0.13589	49.248	1.1937	0.27116
792	0	803.05	0.29098	0	0.044118	51.382	32.574	0	0.16137	0.11638	49.164	1.1052	0.3638
793	0	803.1	0.26071	0	0.029412	51.338	32.632	0	0.16003	0.10576	49.127	0.85587	0.24254
794	0	803.17	0.25108	0	0.029412	51.382	32.588	0	0.15811	0.090306	48.863	0.77672	0.24254
795	0	803.26	0.21793	0	0.014706	51.382	32.603	0	0.15676	0.077446	48.534	0.50206	0.12127
796	0	803.36	0.21075	0	0.014706	51.397	32.588	0	0.15593	0.067895	48.037	0.44046	0.12127
797	0	803.47	0.20875	0	0.014706	51.397	32.588	0	0.15587	0.065803	47.554	0.42204	0.12127
798	0	803.59	0.17638	0	0	51.441	32.559	0	0.15516	0.058592	46.92	0.15338	0
799	0	803.72	0.17162	0	0	51.412	32.588	0	0.1553	0.058053	46.182	0.1124	0
800	0	803.85	0.16989	0	0	51.441	32.559	0	0.15549	0.058752	45.457	0.097041	0
